[274, 51, 178, 381, 0, 482, 88, 6, 394, 506, 48, 428, 75, 55, 257, 335, 8, 236, 40, 435, 299, 30, 367, 393, 108, 36, 438, 134, 211, 422, 5, 51, 229, 26, 368, 312, 292, 160, 123, 12, 213, 41, 243, 258, 357, 458, 91, 175, 270, 227, 169, 321, 19]
53
210.094339623
Path lengths : 
1 1 0.0
2 1 0.0
3 1 0.0
4 1 0.0
5 1 0.0
6 1 0.0
7 1 0.0
8 1 0.0
9 2 44.0
10 2 44.0
11 2 44.0
12 2 44.0
13 2 44.0
14 2 44.0
15 2 44.0
16 2 44.0
17 3 83.6666666667
18 3 83.6666666667
19 3 83.6666666667
20 4 96.25
21 4 96.25
22 4 96.25
23 4 96.25
24 4 96.25
25 5 62.8
26 6 88.1666666667
27 7 76.7142857143
28 8 80.0
29 9 101.555555556
30 9 101.555555556
31 14 128.428571429
32 19 161.0
33 19 161.0
34 21 148.619047619
35 23 148.652173913
36 23 148.652173913
37 23 148.652173913
38 26 146.192307692
39 27 145.333333333
40 34 170.294117647
41 34 170.294117647
42 37 169.72972973
43 41 178.487804878
44 41 178.487804878
45 41 178.487804878
46 43 189.395348837
47 43 189.395348837
48 48 195.708333333
49 48 195.708333333
50 48 195.708333333
51 48 195.708333333
52 53 219.358490566
53 53 210.094339623
