[100, 124, 265, 230, 347, 128, 75, 100, 175, 12, 140, 41, 248, 456, 80, 317, 115, 35, 263, 408, 251, 129, 259, 36, 80, 206, 81, 75, 122, 7, 114, 59, 43, 365, 102, 11, 509, 43, 0, 123, 51, 66, 120, 29, 100, 118, 242, 33, 149, 47, 76, 15, 40, 77, 22, 61, 194, 56, 90, 40, 51, 85, 24, 1, 13, 211, 139, 393, 54, 247, 121, 135, 81, 171, 106, 91, 55, 71, 23, 312, 11, 199, 102, 76, 67, 20, 8, 106, 390, 57, 178, 193, 60, 161, 22, 79, 49, 41, 66, 20, 134, 268, 73, 216, 453, 62, 151, 30, 148, 68, 41, 22, 460, 232, 98, 19, 157, 175, 407, 130, 68, 164, 2, 116, 123, 45, 80, 94, 77, 118, 323, 107, 313, 289, 47, 97, 124, 3, 42, 95, 112, 100, 5, 152, 83, 14, 142, 84, 66, 34, 427, 30, 153, 75, 47, 65, 205, 226, 15, 17, 137, 266, 186, 66, 311, 195, 26, 174, 16, 365, 97, 94, 278, 52, 176, 376, 93, 243, 26, 65, 162, 124, 371, 231, 38, 57, 134, 116, 99, 106, 278, 182, 241, 56, 193, 163, 93, 61, 147, 319, 8, 106, 186, 23, 179, 60, 112, 235, 104, 17, 56, 42, 90, 174, 33, 203, 78, 38, 81, 19, 50, 56, 55, 238, 43, 147, 146, 159, 40, 82, 40, 53, 185, 40, 88, 3, 29, 518, 91, 209, 51, 131, 135, 31, 16, 207, 63, 162, 70, 25, 54, 26, 75, 64, 7, 173, 226, 63, 115, 240, 13, 52, 103, 26, 31, 34, 49, 106, 173, 125, 7, 53, 386, 118, 64, 87, 337, 35, 158, 233, 68, 23, 233, 11, 121, 10, 245, 245, 12, 49, 63, 44, 220, 24, 103, 36, 274, 364, 31, 77, 135, 46, 290, 13, 109, 77, 119, 128, 232, 103, 83, 296, 26, 291, 42, 29, 341, 166, 77, 28, 16, 54, 40, 130, 40, 112, 2, 54, 9, 113, 83, 111, 195, 87, 157, 38, 77, 107, 74, 83, 116, 98, 50, 122, 188, 166, 228, 177, 63, 196, 249, 124, 226, 123, 165, 63, 44, 169, 84, 64, 12, 46, 5, 34, 458, 124, 130, 3, 131, 79, 22, 149, 176, 77, 80, 284, 421, 89, 70, 84, 48, 223, 176, 242, 234, 77, 281, 52, 71, 50, 310, 249, 102, 234, 183, 164, 36, 64, 62, 42, 84, 52, 262, 78, 137, 91, 89, 114, 166, 99, 180, 47, 98, 300, 106, 84, 184, 39, 50, 77, 101, 147, 77, 305, 440, 114, 136, 230, 88, 42, 28, 48, 135, 98, 43, 32, 93, 164, 114, 391, 264, 121, 136, 163, 182, 113, 290, 23, 286, 121, 140, 108, 73, 167, 100, 146, 225, 39, 110, 61, 38, 400, 69, 327, 131, 146, 98, 55, 77, 187, 329, 214, 87, 175, 83, 29, 196, 67, 228, 488, 444, 243, 69, 23, 107, 166, 32, 277, 54, 306, 157, 70, 112, 39, 271, 282, 237, 78, 29, 117, 11, 468, 23, 174, 223, 214, 211, 197, 353, 193, 33, 245, 97, 276, 126, 295, 37, 149, 60, 44, 70, 46, 64, 101, 173, 115, 138, 419, 187, 254, 119, 227, 17, 89, 144, 32, 373, 89, 7, 244, 237, 104, 77, 283, 92, 97, 295, 52, 371, 120, 125, 109, 140, 21, 332, 303, 20, 61, 175, 73, 196, 95, 267, 117, 121, 79, 135, 29, 201, 158, 300, 79, 459, 57, 312, 141, 60, 59, 166, 175, 77, 322, 10, 242, 172, 96, 8, 102, 59, 99, 112, 348, 73, 26, 68, 327, 46, 112, 246, 110, 209, 31, 95, 78, 422, 170, 128, 31, 261, 191, 174, 150, 268, 145, 130, 54, 107, 32, 32, 49, 130, 240, 69, 61, 66, 49, 174, 99, 158, 9, 199, 526, 138, 165, 253, 38, 176, 389, 67, 161, 6, 97, 83, 282, 299, 113, 101, 81, 99, 109, 252, 26, 253, 435, 101, 110, 191, 76, 219, 249, 58, 145, 155, 191, 150, 405, 180, 150, 198, 123, 67, 209, 15, 151, 138, 81, 15, 257, 415]
679
134.288659794
Path lengths : 
1 1 0.0
2 1 0.0
3 3 19.3333333333
4 3 19.3333333333
5 12 26.9166666667
6 18 30.1111111111
7 20 28.6
8 25 35.04
9 36 38.2777777778
10 60 49.8666666667
11 76 51.8815789474
12 80 54.175
13 108 64.0740740741
14 116 64.775862069
15 122 64.3852459016
16 137 67.4671532847
17 160 73.9625
18 161 74.5652173913
19 176 78.5511363636
20 194 83.0
21 230 89.5391304348
22 261 92.5019157088
23 274 93.5182481752
24 287 95.1149825784
25 312 98.766025641
26 330 100.166666667
27 346 102.615606936
28 368 104.788043478
29 380 103.671052632
30 394 104.629441624
31 413 108.583535109
32 433 112.718244804
33 449 114.211581292
34 463 117.524838013
35 475 117.294736842
36 486 118.224279835
37 499 120.120240481
38 524 122.958015267
39 536 122.526119403
40 548 124.275547445
41 557 125.49551167
42 568 127.01584507
43 583 129.451114923
44 590 129.449152542
45 599 130.621035058
46 604 129.965231788
47 621 131.979066023
48 632 131.363924051
49 635 131.234645669
50 645 132.291472868
51 657 133.517503805
52 665 134.816541353
53 671 133.813710879
54 679 134.288659794
