[90, 148, 198, 459, 182, 255, 170, 45, 224, 297, 164, 95, 93, 446, 39, 178, 108, 74, 94, 226, 232, 16, 417, 74, 123, 19, 1, 120, 177, 39, 69, 179, 162, 69, 291, 326, 0, 366, 65, 45, 128, 74, 180, 35, 86, 15, 118, 290, 83, 214, 56, 100, 139, 44, 191, 284, 135, 61, 137, 58, 2, 10, 156, 42, 143, 171, 70, 78, 170, 266, 112, 51, 88, 54, 122, 247, 155, 210, 35, 163, 41, 299, 60, 17, 70, 203, 67, 137, 99, 41, 35, 56, 168, 60, 335, 60, 88, 72, 282, 104, 167, 9, 48, 144, 54, 238, 171, 116, 79, 91, 75, 100, 258, 235, 105, 212, 162, 17, 96, 199, 181, 33, 3, 410, 157, 40, 50, 37, 40, 332, 174, 113, 56, 125, 146, 117, 4, 104, 68, 162, 23, 139, 23, 46, 46, 166, 29, 147, 100, 23, 53, 187, 172, 140, 145, 93, 103, 174, 16, 157, 179, 282, 96, 94, 193, 33, 87, 106, 25, 233, 42, 406, 14, 456, 140, 50, 62, 46, 207, 12, 451, 184, 42, 59, 188, 148, 157, 297, 32, 103, 84, 37, 79, 288, 49, 14, 312, 18, 104, 106, 25, 216, 90, 182, 151, 55, 43, 217, 247, 45, 21, 151, 23, 192, 229, 87, 114, 49, 236, 85, 120, 101, 59, 105, 49, 180, 87, 343, 86, 51, 11, 92, 70, 213, 94, 47, 154, 240, 27, 30, 117, 43, 174, 56, 64, 85, 288, 119, 53, 28, 3, 377, 53, 109, 252, 171, 36, 98, 46, 48, 136, 67, 96, 328, 92, 56, 13, 81, 83, 212, 59, 5, 459, 214, 95, 10, 260, 57, 94, 400, 12, 212, 49, 193, 40, 125, 23, 58, 150, 36, 26, 22, 133, 216, 222, 139, 215, 44, 69, 126, 96, 75, 402, 111, 180, 72, 181, 49, 20, 95, 45, 117, 140, 30, 145, 53, 62, 374, 151, 31, 91, 9, 28, 338, 82, 261, 131, 151, 241, 239, 84, 31, 117, 376, 16, 27, 74, 385, 27, 188, 30, 39, 239, 243, 245, 51, 131, 18, 348, 219, 65, 20, 162, 110, 229, 16, 34, 3, 44, 47, 12, 516, 125, 69, 101, 39, 123, 77, 104, 101, 244, 324, 322, 226, 165, 98, 75, 62, 260, 74, 111, 92, 93, 103, 453, 247, 145, 327, 124, 157, 256, 132, 109, 24, 191, 80, 39, 147, 88, 39, 33, 227, 55, 100, 61, 100, 57, 120, 495, 113, 47, 163, 105, 117, 193, 84, 114, 238, 138, 52, 137, 15, 44, 180, 429, 124, 55, 322, 194, 137, 61, 42, 185, 61, 62, 177, 12, 37, 135, 98, 402, 182, 13, 185, 255, 361, 294, 179, 311, 114, 76, 25, 295, 333, 263, 105, 16, 56, 118, 31, 61, 468, 50, 232, 211, 42, 248, 435, 384, 134, 171, 133, 126, 101, 366, 258, 189, 292, 172, 131, 315, 176, 53, 207, 88, 165, 332, 237, 113, 347, 63, 256, 495, 32, 66, 123, 244, 193, 48, 219, 49, 256, 275, 157, 328, 18, 70, 17, 186, 43, 52, 82, 28, 54, 243, 96, 70, 205, 153, 159, 322, 157, 158, 167, 338, 100, 38, 154, 226, 151, 38, 291, 383, 92, 54, 64, 225, 40, 140, 58, 4, 40, 185, 105, 136, 181, 256, 233, 328, 216, 264, 124, 175, 103, 208, 203, 300, 80, 269, 146, 207, 44, 279, 105, 316, 52, 56, 239, 52, 84, 186, 108, 258, 57, 116, 31, 224, 90, 135, 112, 127, 192, 49, 299, 324, 17, 267, 417, 49, 32, 34, 171, 98, 160, 224, 43, 36, 107, 119, 62, 123, 273, 192, 65, 99, 129, 28, 30, 154, 475, 166, 229, 106, 378, 179, 159, 91, 279, 18, 103, 85, 218, 307, 292, 158, 116, 81, 216, 436, 148, 173, 272, 96, 120, 394, 35, 260, 319, 96, 9, 267, 114, 92, 146, 15, 223, 175, 237, 167, 67, 112, 77, 76, 36, 133, 119, 242, 249, 76, 212, 250, 102, 129, 80, 163, 95, 15, 145, 249, 284, 118, 167, 328, 94, 62, 154, 138, 55, 60, 213, 96, 326, 237, 84, 211, 81, 283]
687
141.286754003
Path lengths : 
1 1 0.0
2 1 0.0
3 1 0.0
4 8 26.375
5 12 30.6666666667
6 20 33.5
7 26 34.7692307692
8 46 44.7608695652
9 56 45.3928571429
10 57 46.350877193
11 70 49.6142857143
12 80 49.9625
13 88 51.0340909091
14 106 60.5754716981
15 117 63.4273504274
16 119 64.781512605
17 135 68.7111111111
18 151 74.7880794702
19 175 78.9314285714
20 182 80.0054945055
21 192 84.1197916667
22 209 88.8181818182
23 238 95.2605042017
24 254 100.094488189
25 276 101.65942029
26 308 105.155844156
27 314 105.522292994
28 322 106.745341615
29 338 109.461538462
30 364 115.442307692
31 382 119.17539267
32 397 118.584382872
33 425 119.644705882
34 457 123.989059081
35 479 126.634655532
36 497 130.096579477
37 508 132.230314961
38 534 136.234082397
39 547 137.325411335
40 555 137.859459459
41 567 136.23633157
42 581 137.588640275
43 588 138.078231293
44 599 139.285475793
45 607 140.278418451
46 615 139.47804878
47 619 140.453957997
48 630 140.352380952
49 644 142.413043478
50 649 142.577812018
51 658 142.791793313
52 665 143.30075188
53 672 141.072916667
54 687 141.286754003
