[33, 368, 36, 188, 168, 90, 339, 17, 113, 102, 47, 318, 98, 215, 63, 118, 319, 78, 196, 371, 158, 412, 88, 58, 63, 124, 158, 103, 8, 191, 210, 60, 285, 197, 72, 11, 34, 104, 180, 130, 0, 218, 53, 148, 295, 226, 216, 128, 59, 89, 17, 14, 88, 92, 184, 92, 81, 43, 152, 74, 70, 26, 124, 13, 152, 10, 45, 322, 360, 46, 413, 153, 59, 57, 119, 453, 79, 118, 53, 247, 53, 230, 33, 148, 82, 103, 43, 191, 289, 53, 49, 47, 170, 41, 144, 107, 61, 89, 145, 27, 125, 103, 41, 101, 195, 16, 55, 71, 12, 40, 47, 99, 41, 146, 69, 47, 38, 41, 51, 47, 5, 96, 100, 89, 371, 39, 111, 253, 338, 31, 43, 97, 78, 12, 210, 135, 81, 84, 11, 92, 54, 16, 116, 314, 16, 243, 38, 325, 202, 76, 160, 38, 359, 80, 148, 25, 135, 24, 243, 24, 202, 112, 509, 86, 193, 95, 405, 80, 317, 50, 287, 52, 168, 152, 36, 365, 54, 137, 188, 149, 38, 126, 14, 75, 200, 129, 233, 56, 313, 128, 448, 103, 96, 114, 221, 32, 254, 328, 33, 327, 106, 169, 81, 138, 116, 135, 415, 315, 112, 73, 131, 159, 90, 43, 70, 104, 54, 76, 210, 120, 174, 90, 76, 86, 39, 193, 52, 226, 145, 32, 227, 157, 79, 30, 21, 50, 121, 154, 114, 142, 421, 87, 116, 65, 265, 83, 167, 131, 148, 273, 72, 9, 67, 313, 55, 41, 288, 34, 232, 73, 43, 75, 204, 62, 27, 15, 68, 15, 51, 13, 392, 290, 138, 361, 121, 47, 158, 393, 68, 29, 133, 107, 374, 56, 111, 340, 24, 190, 57, 117, 59, 89, 52, 23, 369, 125, 96, 180, 92, 298, 104, 76, 233, 57, 87, 85, 122, 35, 118, 416, 60, 99, 29, 99, 88, 154, 15, 158, 116, 108, 91, 174, 261, 128, 38, 107, 7, 309, 49, 171, 195, 80, 136, 29, 94, 422, 248, 72, 27, 69, 155, 134, 67, 126, 60, 169, 39, 30, 66, 192, 449, 355, 412, 302, 174, 215, 231, 37, 49, 76, 85, 40, 31, 124, 80, 134, 51, 52, 64, 232, 63, 6, 128, 227, 75, 43, 120, 49, 23, 144, 20, 332, 65, 78, 140, 112, 334, 56, 102, 110, 141, 191, 197, 316, 132, 55, 35, 29, 152, 313, 336, 433, 187, 55, 41, 406, 30, 121, 17, 133, 150, 273, 85, 92, 177, 89, 279, 51, 92, 190, 43, 457, 40, 461, 156, 44, 43, 5, 425, 62, 259, 23, 50, 102, 266, 56, 229, 45, 160, 98, 220, 15, 132, 176, 111, 32, 169, 227, 152, 80, 267, 26, 244, 348, 214, 213, 59, 338, 97, 13, 176, 170, 386, 133, 198, 183, 81, 232, 371, 137, 244, 83, 66, 172, 166, 75, 307, 111, 177, 387, 352, 160, 292, 70, 507, 135, 341, 146, 95, 232, 251, 206, 247, 334, 86, 253, 301, 39, 230, 109, 206, 149, 162, 47, 96, 62, 135, 138, 33, 112, 168, 36, 117, 162, 98, 136, 138, 318, 174, 169, 279, 210, 233, 247, 58, 69, 77, 127, 41, 197, 172, 81, 10, 180, 362, 187, 126, 114, 83, 90, 134, 34, 300, 70, 188, 26, 80, 189, 20, 205, 65, 264, 425, 183, 139, 159, 202, 264, 152, 458, 75, 61, 132, 242, 294, 172, 93, 444, 315, 104, 29, 56, 64, 164, 115, 33, 137, 120, 172, 170, 141, 32, 225, 122, 356, 106, 82, 125, 404, 80, 169, 128, 19, 122, 281, 339, 91, 42, 421, 94, 166, 79, 138, 196, 107, 40, 252, 324, 267, 133, 68, 203, 102, 198, 155, 243, 356, 231, 132, 130, 104, 244, 31, 260, 177, 16, 78, 375, 65, 259, 364, 85, 202, 257, 27, 165, 100, 108, 107, 204, 45, 67, 156, 401, 26, 231, 112, 122, 268, 128, 221, 24, 407, 115, 284, 252, 344, 280, 40, 75, 112, 173, 84, 66, 216, 134, 259, 70, 79, 114, 220, 156, 172, 71, 82, 81, 400, 209, 237, 177, 157, 129, 101, 85, 94, 21, 192, 462, 108, 385, 44, 39, 99]
693
146.126984127
Path lengths : 
1 2 2.5
2 2 2.5
3 4 10.25
4 4 10.25
5 5 16.8
6 7 24.4285714286
7 13 34.5384615385
8 20 36.6
9 30 45.2
10 42 50.5476190476
11 50 55.86
12 60 60.8166666667
13 87 62.8275862069
14 104 68.5480769231
15 112 70.2410714286
16 131 76.0839694656
17 153 80.8104575163
18 170 86.6470588235
19 177 86.1751412429
20 189 90.4920634921
21 206 91.5825242718
22 222 96.3423423423
23 243 99.3333333333
24 262 99.9694656489
25 279 103.039426523
26 293 104.941979522
27 318 104.761006289
28 339 107.339233038
29 369 111.788617886
30 391 113.496163683
31 408 117.203431373
32 430 120.239534884
33 446 123.186098655
34 458 125.847161572
35 478 127.412133891
36 498 130.078313253
37 517 128.785299807
38 533 131.187617261
39 544 130.068014706
40 556 130.215827338
41 579 134.14507772
42 590 135.279661017
43 601 135.875207987
44 611 137.047463175
45 617 137.294975689
46 626 138.167731629
47 631 138.307448494
48 639 139.530516432
49 646 139.013931889
50 657 138.217656012
51 666 139.708708709
52 676 141.285502959
53 687 144.411935953
54 693 146.126984127
