[102, 346, 291, 120, 162, 224, 123, 30, 289, 104, 127, 218, 72, 488, 163, 85, 80, 39, 44, 349, 67, 237, 77, 46, 6, 58, 158, 113, 31, 252, 81, 186, 104, 48, 0, 99, 163, 134, 62, 334, 367, 246, 77, 53, 207, 83, 39, 159, 129, 407, 77, 47, 154, 177, 20, 370, 3, 53, 82, 109, 25, 147, 10, 109, 179, 263, 59, 253, 176, 91, 43, 74, 195, 238, 85, 239, 65, 76, 11, 41, 158, 346, 315, 336, 27, 134, 256, 386, 52, 39, 79, 95, 85, 67, 32, 34, 155, 91, 216, 456, 280, 127, 39, 129, 376, 201, 429, 137, 102, 30, 70, 175, 24, 127, 8, 24, 503, 67, 91, 422, 50, 205, 126, 246, 157, 417, 166, 210, 108, 26, 112, 117, 129, 226, 17, 313, 77, 343, 33, 61, 32, 317, 58, 365, 81, 74, 39, 135, 52, 72, 87, 288, 157, 349, 65, 18, 199, 186, 138, 56, 189, 69, 299, 121, 85, 10, 176, 159, 54, 248, 20, 41, 166, 90, 103, 59, 160, 52, 22, 226, 287, 154, 48, 85, 83, 270, 116, 58, 302, 93, 122, 69, 58, 339, 127, 44, 274, 83, 208, 88, 25, 156, 63, 40, 76, 69, 27, 109, 35, 157, 54, 127, 136, 45, 317, 3, 133, 150, 68, 19, 391, 55, 67, 185, 149, 35, 86, 121, 93, 90, 36, 179, 36, 100, 84, 119, 140, 321, 274, 117, 57, 34, 68, 70, 42, 113, 43, 240, 9, 65, 25, 127, 21, 39, 149, 79, 153, 121, 61, 67, 411, 58, 159, 122, 281, 64, 175, 140, 15, 203, 259, 131, 28, 11, 152, 126, 126, 89, 18, 67, 129, 27, 38, 346, 26, 236, 83, 78, 42, 137, 65, 28, 114, 221, 7, 252, 245, 50, 18, 263, 183, 222, 236, 333, 222, 50, 154, 172, 70, 262, 20, 92, 204, 232, 64, 103, 117, 115, 42, 56, 256, 158, 362, 227, 38, 67, 253, 59, 372, 165, 76, 194, 208, 270, 107, 330, 57, 7, 87, 126, 75, 31, 14, 256, 245, 46, 151, 304, 293, 104, 190, 262, 151, 269, 133, 216, 283, 34, 231, 211, 309, 95, 238, 312, 208, 314, 222, 344, 62, 141, 102, 135, 82, 58, 85, 99, 246, 259, 229, 204, 78, 84, 13, 454, 182, 181, 126, 187, 344, 146, 273, 106, 118, 234, 413, 198, 419, 225, 340, 283, 144, 107, 31, 283, 112, 164, 141, 283, 185, 324, 134, 105, 123, 70, 67, 217, 129, 63, 51, 408, 28, 239, 133, 27, 97, 130, 250, 99, 433, 335, 71, 78, 22, 51, 208, 97, 203, 169, 262, 239, 420, 120, 173, 65, 167, 34, 195, 78, 301, 425, 351, 157, 251, 199, 234, 230, 92, 138, 262, 239, 386, 228, 358, 200, 199, 232, 72, 108, 44, 460, 291, 112, 166, 371, 214, 342, 48, 74, 283, 386, 12, 64, 276, 257, 35, 361, 115, 355, 113, 206, 206, 190, 120, 161, 297, 379, 97, 89, 69, 47, 190, 235, 164, 159, 315, 142, 141, 134, 227, 271, 323, 60, 55, 496, 163, 346, 160, 135, 341, 16, 73, 394, 383, 125, 144, 150, 179, 313, 251, 287, 106, 57, 86, 107, 127, 132, 90, 294, 45, 63, 25, 183, 409, 243, 131, 202, 278, 93, 184, 87, 71, 193, 59, 129, 267, 73, 77, 171, 165, 207, 252, 320, 226, 250, 154, 225, 191, 183, 263, 73, 95, 223, 31, 290, 227, 279, 128, 33, 117, 164, 226, 110, 121, 203, 201, 73, 209, 106, 385, 256, 166, 209, 173, 52, 140, 251, 159, 399, 49, 187, 109, 209, 230, 40, 21, 421, 33, 233, 147, 68, 172, 410]
612
157.913398693
Path lengths : 
1 1 0.0
2 1 0.0
3 1 0.0
4 2 11.5
5 6 22.3333333333
6 8 30.375
7 12 39.0833333333
8 15 44.9333333333
9 26 51.0
10 32 49.09375
11 40 52.25
12 45 56.0666666667
13 45 56.0666666667
14 52 55.8269230769
15 67 66.5223880597
16 79 72.0506329114
17 90 76.0111111111
18 104 82.1730769231
19 126 86.8174603175
20 132 89.5606060606
21 152 97.1315789474
22 166 96.9939759036
23 176 99.4318181818
24 198 101.737373737
25 219 106.283105023
26 237 109.827004219
27 257 111.66536965
28 268 110.753731343
29 287 113.644599303
30 297 116.703703704
31 321 122.91588785
32 339 124.91740413
33 356 126.564606742
34 383 130.38381201
35 414 134.15942029
36 424 134.58254717
37 441 136.839002268
38 447 137.823266219
39 461 139.824295011
40 470 141.255319149
41 484 145.039256198
42 498 147.506024096
43 517 147.512572534
44 529 149.884688091
45 546 152.360805861
46 562 153.670818505
47 569 153.328646749
48 580 153.601724138
49 586 154.506825939
50 598 157.227424749
51 605 157.828099174
52 612 157.913398693
