-----------------------------------------
     Start the regression testing        
-----------------------------------------
Current directory : /home/vibhanshu/BTP/cpuNaive
N1024
file : data/graph1024.dat
No. of weights : 166396
Number of nodes in graph : 1024
Number of nodes visited in iteration : 1 = 1
 Visit count : 81
1000000000 , 1000000000 , 1000000000 , 1000000000 , 1000000000 , 1000000000 , 1000000000 , 1000000000 , 1000000000 , 1000000000 , 1000000000 , 1000000000 , 1000000000 , 1000000000 , 1000000000 , 1000000000 , 1000000000 , 1000000000 , 1000000000 , 1000000000 , 1000000000 , 1000000000 , 1000000000 , 1000000000 , 1000000000 , 1000000000 , 1000000000 , 1000000000 , 1000000000 , 1000000000 , 1000000000 , 1000000000 , 1000000000 , 1000000000 , 1000000000 , 1000000000 , 1000000000 , 1000000000 , 1000000000 , 1000000000 , 1000000000 , 1000000000 , 1000000000 , 1000000000 , 1000000000 , 1000000000 , 1000000000 , 1000000000 , 1000000000 , 1000000000 , 1000000000 , 1000000000 , 1000000000 , 1000000000 , 1000000000 , 1000000000 , 1000000000 , 1000000000 , 1000000000 , 0 , 1000000000 , 1000000000 , 1000000000 , 1000000000 , 1000000000 , 1000000000 , 1000000000 , 1000000000 , 1000000000 , 1000000000 , 1000000000 , 1000000000 , 1000000000 , 1000000000 , 1000000000 , 1000000000 , 1000000000 , 1000000000 , 1000000000 , 1000000000 , 1000000000 , 1000000000 , 1000000000 , 1000000000 , 1000000000 , 1000000000 , 1000000000 , 1000000000 , 1000000000 , 1000000000 , 1000000000 , 1000000000 , 1000000000 , 1000000000 , 1000000000 , 1000000000 , 1000000000 , 1000000000 , 1000000000 , 1000000000 , 1000000000 , 1000000000 , 1000000000 , 1000000000 , 1000000000 , 1000000000 , 1000000000 , 1000000000 , 1000000000 , 1000000000 , 1000000000 , 1000000000 , 1000000000 , 1000000000 , 1000000000 , 1000000000 , 1000000000 , 1000000000 , 1000000000 , 1000000000 , 1000000000 , 1000000000 , 1000000000 , 1000000000 , 1000000000 , 1000000000 , 1000000000 , 1000000000 , 1000000000 , 1000000000 , 1000000000 , 1000000000 , 1000000000 , 1000000000 , 1000000000 , 1000000000 , 1000000000 , 1000000000 , 1000000000 , 1000000000 , 1000000000 , 1000000000 , 1000000000 , 1000000000 , 1000000000 , 1000000000 , 1000000000 , 1000000000 , 1000000000 , 1000000000 , 1000000000 , 1000000000 , 1000000000 , 1000000000 , 1000000000 , 1000000000 , 1000000000 , 1000000000 , 1000000000 , 1000000000 , 1000000000 , 1000000000 , 1000000000 , 1000000000 , 1000000000 , 1000000000 , 1000000000 , 1000000000 , 1000000000 , 1000000000 , 1000000000 , 1000000000 , 1000000000 , 1000000000 , 1000000000 , 1000000000 , 1000000000 , 1000000000 , 1000000000 , 1000000000 , 1000000000 , 1000000000 , 1000000000 , 1000000000 , 1000000000 , 1000000000 , 1000000000 , 1000000000 , 1000000000 , 1000000000 , 1000000000 , 1000000000 , 1000000000 , 1000000000 , 1000000000 , 1000000000 , 1000000000 , 1000000000 , 1000000000 , 1000000000 , 1000000000 , 1000000000 , 1000000000 , 1000000000 , 1000000000 , 1000000000 , 1000000000 , 1000000000 , 1000000000 , 1000000000 , 1000000000 , 1000000000 , 1000000000 , 1000000000 , 1000000000 , 1000000000 , 1000000000 , 1000000000 , 1000000000 , 1000000000 , 1000000000 , 1000000000 , 1000000000 , 1000000000 , 1000000000 , 1000000000 , 1000000000 , 1000000000 , 1000000000 , 1000000000 , 1000000000 , 1000000000 , 1000000000 , 1000000000 , 1000000000 , 1000000000 , 1000000000 , 1000000000 , 1000000000 , 1000000000 , 1000000000 , 1000000000 , 1000000000 , 1000000000 , 1000000000 , 1000000000 , 1000000000 , 1000000000 , 1000000000 , 1000000000 , 1000000000 , 1000000000 , 1000000000 , 1000000000 , 1000000000 , 1000000000 , 1000000000 , 1000000000 , 1000000000 , 1000000000 , 1000000000 , 1000000000 , 1000000000 , 1000000000 , 1000000000 , 1000000000 , 1000000000 , 1000000000 , 1000000000 , 1000000000 , 1000000000 , 1000000000 , 1000000000 , 1000000000 , 1000000000 , 1000000000 , 1000000000 , 1000000000 , 1000000000 , 1000000000 , 1000000000 , 1000000000 , 1000000000 , 1000000000 , 1000000000 , 1000000000 , 1000000000 , 1000000000 , 1000000000 , 1000000000 , 1000000000 , 1000000000 , 1000000000 , 1000000000 , 1000000000 , 1000000000 , 1000000000 , 1000000000 , 1000000000 , 1000000000 , 1000000000 , 1000000000 , 1000000000 , 1000000000 , 1000000000 , 1000000000 , 1000000000 , 1000000000 , 1000000000 , 1000000000 , 1000000000 , 1000000000 , 1000000000 , 1000000000 , 1000000000 , 1000000000 , 1000000000 , 1000000000 , 1000000000 , 1000000000 , 1000000000 , 1000000000 , 1000000000 , 1000000000 , 1000000000 , 1000000000 , 1000000000 , 1000000000 , 1000000000 , 1000000000 , 1000000000 , 1000000000 , 1000000000 , 1000000000 , 1000000000 , 1000000000 , 1000000000 , 1000000000 , 1000000000 , 1000000000 , 1000000000 , 1000000000 , 1000000000 , 1000000000 , 1000000000 , 1000000000 , 1000000000 , 1000000000 , 1000000000 , 1000000000 , 1000000000 , 1000000000 , 1000000000 , 1000000000 , 1000000000 , 1000000000 , 1000000000 , 1000000000 , 1000000000 , 1000000000 , 1000000000 , 1000000000 , 1000000000 , 1000000000 , 1000000000 , 1000000000 , 1000000000 , 1000000000 , 1000000000 , 1000000000 , 1000000000 , 1000000000 , 1000000000 , 1000000000 , 1000000000 , 1000000000 , 1000000000 , 1000000000 , 1000000000 , 1000000000 , 1000000000 , 1000000000 , 1000000000 , 1000000000 , 1000000000 , 1000000000 , 1000000000 , 1000000000 , 1000000000 , 1000000000 , 1000000000 , 1000000000 , 1000000000 , 1000000000 , 1000000000 , 1000000000 , 1000000000 , 1000000000 , 1000000000 , 1000000000 , 1000000000 , 1000000000 , 1000000000 , 1000000000 , 1000000000 , 1000000000 , 1000000000 , 1000000000 , 1000000000 , 1000000000 , 1000000000 , 1000000000 , 1000000000 , 1000000000 , 1000000000 , 1000000000 , 1000000000 , 1000000000 , 1000000000 , 1000000000 , 1000000000 , 1000000000 , 1000000000 , 1000000000 , 1000000000 , 1000000000 , 1000000000 , 1000000000 , 1000000000 , 1000000000 , 1000000000 , 1000000000 , 1000000000 , 1000000000 , 1000000000 , 1000000000 , 1000000000 , 1000000000 , 1000000000 , 1000000000 , 1000000000 , 1000000000 , 1000000000 , 1000000000 , 1000000000 , 1000000000 , 1000000000 , 1000000000 , 1000000000 , 1000000000 , 1000000000 , 1000000000 , 1000000000 , 1000000000 , 1000000000 , 1000000000 , 1000000000 , 1000000000 , 1000000000 , 1000000000 , 1000000000 , 1000000000 , 1000000000 , 1000000000 , 1000000000 , 1000000000 , 1000000000 , 1000000000 , 1000000000 , 1000000000 , 1000000000 , 1000000000 , 1000000000 , 1000000000 , 1000000000 , 1000000000 , 1000000000 , 1000000000 , 1000000000 , 1000000000 , 1000000000 , 1000000000 , 1000000000 , 1000000000 , 1000000000 , 1000000000 , 1000000000 , 1000000000 , 1000000000 , 1000000000 , 1000000000 , 1000000000 , 1000000000 , 1000000000 , 1000000000 , 1000000000 , 1000000000 , 1000000000 , 1000000000 , 1000000000 , 1000000000 , 1000000000 , 1000000000 , 1000000000 , 1000000000 , 1000000000 , 1000000000 , 1000000000 , 1000000000 , 1000000000 , 1000000000 , 1000000000 , 1000000000 , 1000000000 , 1000000000 , 1000000000 , 1000000000 , 1000000000 , 1000000000 , 1000000000 , 1000000000 , 1000000000 , 1000000000 , 1000000000 , 1000000000 , 1000000000 , 1000000000 , 1000000000 , 1000000000 , 1000000000 , 1000000000 , 1000000000 , 1000000000 , 1000000000 , 1000000000 , 1000000000 , 1000000000 , 1000000000 , 1000000000 , 1000000000 , 1000000000 , 1000000000 , 1000000000 , 1000000000 , 1000000000 , 1000000000 , 1000000000 , 1000000000 , 1000000000 , 1000000000 , 1000000000 , 1000000000 , 1000000000 , 1000000000 , 1000000000 , 1000000000 , 1000000000 , 1000000000 , 1000000000 , 1000000000 , 1000000000 , 1000000000 , 1000000000 , 1000000000 , 1000000000 , 1000000000 , 1000000000 , 1000000000 , 1000000000 , 1000000000 , 1000000000 , 1000000000 , 1000000000 , 1000000000 , 1000000000 , 1000000000 , 1000000000 , 1000000000 , 1000000000 , 1000000000 , 1000000000 , 1000000000 , 1000000000 , 1000000000 , 1000000000 , 1000000000 , 1000000000 , 1000000000 , 1000000000 , 1000000000 , 1000000000 , 1000000000 , 1000000000 , 1000000000 , 1000000000 , 1000000000 , 1000000000 , 1000000000 , 1000000000 , 1000000000 , 1000000000 , 1000000000 , 1000000000 , 1000000000 , 1000000000 , 1000000000 , 1000000000 , 1000000000 , 1000000000 , 1000000000 , 1000000000 , 1000000000 , 1000000000 , 1000000000 , 1000000000 , 1000000000 , 1000000000 , 1000000000 , 1000000000 , 1000000000 , 1000000000 , 1000000000 , 1000000000 , 1000000000 , 1000000000 , 1000000000 , 1000000000 , 1000000000 , 1000000000 , 1000000000 , 1000000000 , 1000000000 , 1000000000 , 1000000000 , 1000000000 , 1000000000 , 1000000000 , 1000000000 , 1000000000 , 1000000000 , 1000000000 , 1000000000 , 1000000000 , 1000000000 , 1000000000 , 1000000000 , 1000000000 , 1000000000 , 1000000000 , 1000000000 , 1000000000 , 1000000000 , 1000000000 , 1000000000 , 1000000000 , 1000000000 , 1000000000 , 1000000000 , 1000000000 , 1000000000 , 1000000000 , 1000000000 , 1000000000 , 1000000000 , 1000000000 , 1000000000 , 1000000000 , 1000000000 , 1000000000 , 1000000000 , 1000000000 , 1000000000 , 1000000000 , 1000000000 , 1000000000 , 1000000000 , 1000000000 , 1000000000 , 1000000000 , 1000000000 , 1000000000 , 1000000000 , 1000000000 , 1000000000 , 1000000000 , 1000000000 , 1000000000 , 1000000000 , 1000000000 , 1000000000 , 1000000000 , 1000000000 , 1000000000 , 1000000000 , 1000000000 , 1000000000 , 1000000000 , 1000000000 , 1000000000 , 1000000000 , 1000000000 , 1000000000 , 1000000000 , 1000000000 , 1000000000 , 1000000000 , 1000000000 , 1000000000 , 1000000000 , 1000000000 , 1000000000 , 1000000000 , 1000000000 , 1000000000 , 1000000000 , 1000000000 , 1000000000 , 1000000000 , 1000000000 , 1000000000 , 1000000000 , 1000000000 , 1000000000 , 1000000000 , 1000000000 , 1000000000 , 1000000000 , 1000000000 , 1000000000 , 1000000000 , 1000000000 , 1000000000 , 1000000000 , 1000000000 , 1000000000 , 1000000000 , 1000000000 , 1000000000 , 1000000000 , 1000000000 , 1000000000 , 1000000000 , 1000000000 , 1000000000 , 1000000000 , 1000000000 , 1000000000 , 1000000000 , 1000000000 , 1000000000 , 1000000000 , 1000000000 , 1000000000 , 1000000000 , 1000000000 , 1000000000 , 1000000000 , 1000000000 , 1000000000 , 1000000000 , 1000000000 , 1000000000 , 1000000000 , 1000000000 , 1000000000 , 1000000000 , 1000000000 , 1000000000 , 1000000000 , 1000000000 , 1000000000 , 1000000000 , 1000000000 , 1000000000 , 1000000000 , 1000000000 , 1000000000 , 1000000000 , 1000000000 , 1000000000 , 1000000000 , 1000000000 , 1000000000 , 1000000000 , 1000000000 , 1000000000 , 1000000000 , 1000000000 , 1000000000 , 1000000000 , 1000000000 , 1000000000 , 1000000000 , 1000000000 , 1000000000 , 1000000000 , 1000000000 , 1000000000 , 1000000000 , 1000000000 , 1000000000 , 1000000000 , 1000000000 , 1000000000 , 1000000000 , 1000000000 , 1000000000 , 1000000000 , 1000000000 , 1000000000 , 1000000000 , 1000000000 , 1000000000 , 1000000000 , 1000000000 , 1000000000 , 1000000000 , 1000000000 , 1000000000 , 1000000000 , 1000000000 , 1000000000 , 1000000000 , 1000000000 , 1000000000 , 1000000000 , 1000000000 , 1000000000 , 1000000000 , 1000000000 , 1000000000 , 1000000000 , 1000000000 , 1000000000 , 1000000000 , 1000000000 , 1000000000 , 1000000000 , 1000000000 , 1000000000 , 1000000000 , 1000000000 , 1000000000 , 1000000000 , 1000000000 , 1000000000 , 1000000000 , 1000000000 , 1000000000 , 1000000000 , 1000000000 , 1000000000 , 1000000000 , 1000000000 , 1000000000 , 1000000000 , 1000000000 , 1000000000 , 1000000000 , 1000000000 , 1000000000 , 1000000000 , 1000000000 , 1000000000 , 1000000000 , 1000000000 , 1000000000 , 1000000000 , 1000000000 , 1000000000 , 1000000000 , 1000000000 , 1000000000 , 1000000000 , 1000000000 , 1000000000 , 1000000000 , 1000000000 , 1000000000 , 1000000000 , 1000000000 , 1000000000 , 1000000000 , 1000000000 , 1000000000 , 1000000000 , 1000000000 , 1000000000 , 1000000000 , 1000000000 , 1000000000 , 1000000000 , 1000000000 , 1000000000 , 1000000000 , 1000000000 , 1000000000 , 1000000000 , 1000000000 , 1000000000 , 1000000000 , 1000000000 , 1000000000 , 1000000000 , 1000000000 , 1000000000 , 1000000000 , 1000000000 , 1000000000 , 1000000000 , 1000000000 , 1000000000 , 1000000000 , 1000000000 , 1000000000 , 1000000000 , 1000000000 , 1000000000 , 1000000000 , 1000000000 , 1000000000 , 1000000000 , 1000000000 , 1000000000 , 1000000000 , 1000000000 , 1000000000 , 1000000000 , 1000000000 , 1000000000 , 1000000000 , 1000000000 , 1000000000 , 1000000000 , 1000000000 , 1000000000 , 1000000000 , 1000000000 , 1000000000 , 1000000000 , 1000000000 , 1000000000 , 1000000000 , 1000000000 , 1000000000 , 1000000000 , 1000000000 , 1000000000 , 1000000000 , 1000000000 , 1000000000 , 1000000000 , 1000000000 , 1000000000 , 1000000000 , 1000000000 , 1000000000 , 1000000000 , 1000000000 , 1000000000 , 1000000000 , 1000000000 , 1000000000 , 1000000000 , 1000000000 , 1000000000 , 1000000000 , 1000000000 , 1000000000 , 1000000000 , 1000000000 , 1000000000 , 1000000000 , 1000000000 , 1000000000 , 1000000000 , 1000000000 , 1000000000 , 1000000000 , 1000000000 , 1000000000 , 1000000000 , 1000000000 , 1000000000 , 1000000000 , 1000000000 , 1000000000 , 1000000000 , 1000000000 , 1000000000 , 1000000000 , 1000000000 , 1000000000 , 1000000000 , 1000000000 , 1000000000 , 1000000000 , 1000000000 , 1000000000 , 1000000000 , 1000000000 , 1000000000 , 1000000000 , 1000000000 , 1000000000 , 1000000000 , 1000000000 , 1000000000 , 1000000000 , 1000000000 , 1000000000 , 1000000000 , 1000000000 , 1000000000 , 1000000000 , 1000000000 , 1000000000 , 1000000000 , 1000000000 , 1000000000 , 1000000000 , 1000000000 , 1000000000 , 1000000000 , 
Number of nodes visited in iteration : 2 = 1
 Visit count : 151
1000000000 , 1000000000 , 1000000000 , 1000000000 , 1000000000 , 1000000000 , 1000000000 , 1000000000 , 1000000000 , 1000000000 , 1000000000 , 1000000000 , 1000000000 , 1000000000 , 1000000000 , 1000000000 , 1000000000 , 1000000000 , 1000000000 , 1000000000 , 1000000000 , 1000000000 , 1000000000 , 1000000000 , 1000000000 , 1000000000 , 1000000000 , 1000000000 , 1000000000 , 1000000000 , 1000000000 , 1000000000 , 1000000000 , 1000000000 , 1000000000 , 1000000000 , 1000000000 , 1000000000 , 1000000000 , 1000000000 , 1000000000 , 1000000000 , 1000000000 , 1000000000 , 1000000000 , 1000000000 , 1000000000 , 1000000000 , 1000000000 , 1000000000 , 1000000000 , 1000000000 , 1000000000 , 1000000000 , 1000000000 , 1000000000 , 1000000000 , 1000000000 , 1000000000 , 0 , 1000000000 , 1000000000 , 1000000000 , 1000000000 , 1000000000 , 1000000000 , 1000000000 , 1000000000 , 1000000000 , 1000000000 , 1000000000 , 1000000000 , 1000000000 , 1000000000 , 1000000000 , 1000000000 , 1000000000 , 1000000000 , 1000000000 , 1000000000 , 1000000000 , 1000000000 , 1000000000 , 1000000000 , 1000000000 , 1000000000 , 1000000000 , 1000000000 , 1000000000 , 1000000000 , 1000000000 , 1000000000 , 1000000000 , 1000000000 , 1000000000 , 1000000000 , 1000000000 , 1000000000 , 1000000000 , 1000000000 , 1000000000 , 1000000000 , 1000000000 , 1000000000 , 1000000000 , 1000000000 , 1000000000 , 1000000000 , 1000000000 , 1000000000 , 1000000000 , 1000000000 , 1000000000 , 1000000000 , 1000000000 , 1000000000 , 1000000000 , 1000000000 , 1000000000 , 1000000000 , 1000000000 , 1000000000 , 1000000000 , 1000000000 , 1000000000 , 1000000000 , 1000000000 , 1000000000 , 1000000000 , 1000000000 , 1000000000 , 1000000000 , 1000000000 , 1000000000 , 1000000000 , 1000000000 , 1000000000 , 1000000000 , 1000000000 , 1000000000 , 1000000000 , 1000000000 , 1000000000 , 1000000000 , 1000000000 , 1000000000 , 1000000000 , 1000000000 , 1000000000 , 1000000000 , 1000000000 , 1000000000 , 1000000000 , 1000000000 , 1000000000 , 1000000000 , 1000000000 , 1000000000 , 1000000000 , 1000000000 , 1000000000 , 1000000000 , 1000000000 , 1000000000 , 1000000000 , 1000000000 , 1000000000 , 1000000000 , 1000000000 , 1000000000 , 1000000000 , 1000000000 , 1000000000 , 1000000000 , 1000000000 , 1000000000 , 1000000000 , 1000000000 , 1000000000 , 1000000000 , 1000000000 , 1000000000 , 1000000000 , 1000000000 , 1000000000 , 1000000000 , 1000000000 , 1000000000 , 1000000000 , 1000000000 , 1000000000 , 1000000000 , 1000000000 , 1000000000 , 1000000000 , 1000000000 , 1000000000 , 1000000000 , 1000000000 , 1000000000 , 1000000000 , 1000000000 , 1000000000 , 1000000000 , 1000000000 , 1000000000 , 1000000000 , 1000000000 , 1000000000 , 1000000000 , 1000000000 , 1000000000 , 1000000000 , 1000000000 , 1000000000 , 1000000000 , 1000000000 , 1000000000 , 1000000000 , 1000000000 , 1000000000 , 1000000000 , 1000000000 , 1000000000 , 1000000000 , 1000000000 , 1000000000 , 1000000000 , 1000000000 , 1000000000 , 1000000000 , 1000000000 , 1000000000 , 1000000000 , 1000000000 , 1000000000 , 1000000000 , 1000000000 , 1000000000 , 1000000000 , 1000000000 , 1000000000 , 1000000000 , 1000000000 , 1000000000 , 1000000000 , 1000000000 , 1000000000 , 1000000000 , 1000000000 , 1000000000 , 1000000000 , 1000000000 , 1000000000 , 1000000000 , 1000000000 , 1000000000 , 1000000000 , 1000000000 , 1000000000 , 1000000000 , 1000000000 , 1000000000 , 1000000000 , 1000000000 , 1000000000 , 1000000000 , 1000000000 , 1000000000 , 1000000000 , 1000000000 , 1000000000 , 1000000000 , 1000000000 , 1000000000 , 1000000000 , 1000000000 , 1000000000 , 1000000000 , 1000000000 , 1000000000 , 1000000000 , 1000000000 , 1000000000 , 1000000000 , 1000000000 , 1000000000 , 1000000000 , 1000000000 , 1000000000 , 1000000000 , 1000000000 , 1000000000 , 1000000000 , 1000000000 , 1000000000 , 1000000000 , 1000000000 , 1000000000 , 1000000000 , 1000000000 , 1000000000 , 1000000000 , 1000000000 , 1000000000 , 1000000000 , 1000000000 , 1000000000 , 1000000000 , 1000000000 , 1000000000 , 1000000000 , 1000000000 , 1000000000 , 1000000000 , 1000000000 , 1000000000 , 1000000000 , 1000000000 , 1000000000 , 1000000000 , 1000000000 , 1000000000 , 1000000000 , 1000000000 , 1000000000 , 1000000000 , 1000000000 , 1000000000 , 1000000000 , 1000000000 , 1000000000 , 1000000000 , 1000000000 , 1000000000 , 1000000000 , 1000000000 , 1000000000 , 1000000000 , 1000000000 , 1000000000 , 1000000000 , 1000000000 , 1000000000 , 1000000000 , 1000000000 , 1000000000 , 1000000000 , 1000000000 , 1000000000 , 1000000000 , 1000000000 , 1000000000 , 1000000000 , 1000000000 , 1000000000 , 1000000000 , 1000000000 , 1000000000 , 1000000000 , 1000000000 , 1000000000 , 1000000000 , 1000000000 , 1000000000 , 1000000000 , 1000000000 , 1000000000 , 1000000000 , 1000000000 , 1000000000 , 1000000000 , 1000000000 , 1000000000 , 1000000000 , 1000000000 , 1000000000 , 1000000000 , 1000000000 , 1000000000 , 1000000000 , 1000000000 , 1000000000 , 1000000000 , 1000000000 , 1000000000 , 1000000000 , 1000000000 , 1000000000 , 1000000000 , 1000000000 , 1000000000 , 1000000000 , 1000000000 , 1000000000 , 1000000000 , 1000000000 , 1000000000 , 1000000000 , 1000000000 , 1000000000 , 1000000000 , 1000000000 , 1000000000 , 1000000000 , 1000000000 , 1000000000 , 1000000000 , 1000000000 , 1000000000 , 1000000000 , 1000000000 , 1000000000 , 1000000000 , 1000000000 , 1000000000 , 1000000000 , 1000000000 , 1000000000 , 1000000000 , 1000000000 , 1000000000 , 1000000000 , 1000000000 , 1000000000 , 1000000000 , 1000000000 , 1000000000 , 1000000000 , 1000000000 , 1000000000 , 1000000000 , 1000000000 , 1000000000 , 1000000000 , 1000000000 , 1000000000 , 1000000000 , 1000000000 , 1000000000 , 1000000000 , 1000000000 , 1000000000 , 1000000000 , 1000000000 , 1000000000 , 1000000000 , 1000000000 , 1000000000 , 1000000000 , 1000000000 , 1000000000 , 1000000000 , 1000000000 , 1000000000 , 1000000000 , 1000000000 , 1000000000 , 1000000000 , 1000000000 , 1000000000 , 1000000000 , 1000000000 , 1000000000 , 1000000000 , 1000000000 , 1000000000 , 1000000000 , 1000000000 , 1000000000 , 1000000000 , 1000000000 , 1000000000 , 1000000000 , 1000000000 , 1000000000 , 1000000000 , 1000000000 , 1000000000 , 1000000000 , 1000000000 , 1000000000 , 1000000000 , 1000000000 , 1000000000 , 1000000000 , 1000000000 , 1000000000 , 1000000000 , 1000000000 , 1000000000 , 1000000000 , 1000000000 , 1000000000 , 1000000000 , 1000000000 , 1000000000 , 1000000000 , 1000000000 , 1000000000 , 1000000000 , 1000000000 , 1000000000 , 1000000000 , 1000000000 , 1000000000 , 1000000000 , 1000000000 , 1000000000 , 1000000000 , 1000000000 , 1000000000 , 1000000000 , 1000000000 , 1000000000 , 1000000000 , 1000000000 , 1000000000 , 1000000000 , 1000000000 , 1000000000 , 1000000000 , 1000000000 , 1000000000 , 1000000000 , 1000000000 , 1000000000 , 1000000000 , 1000000000 , 1000000000 , 1000000000 , 1000000000 , 1000000000 , 1000000000 , 1000000000 , 1000000000 , 1000000000 , 1000000000 , 1000000000 , 1000000000 , 1000000000 , 1000000000 , 1000000000 , 1000000000 , 1000000000 , 1000000000 , 1000000000 , 1000000000 , 1000000000 , 1000000000 , 1000000000 , 1000000000 , 1000000000 , 1000000000 , 1000000000 , 1000000000 , 1000000000 , 1000000000 , 1000000000 , 1000000000 , 1000000000 , 1000000000 , 1000000000 , 1000000000 , 1000000000 , 1000000000 , 1000000000 , 1000000000 , 1000000000 , 1000000000 , 1000000000 , 1000000000 , 1000000000 , 1000000000 , 1000000000 , 1000000000 , 1000000000 , 1000000000 , 1000000000 , 1000000000 , 1000000000 , 1000000000 , 1000000000 , 1000000000 , 1000000000 , 1000000000 , 1000000000 , 1000000000 , 1000000000 , 1000000000 , 1000000000 , 1000000000 , 1000000000 , 1000000000 , 1000000000 , 1000000000 , 1000000000 , 1000000000 , 1000000000 , 1000000000 , 1000000000 , 1000000000 , 1000000000 , 1000000000 , 1000000000 , 1000000000 , 1000000000 , 1000000000 , 1000000000 , 1000000000 , 1000000000 , 1000000000 , 1000000000 , 1000000000 , 1000000000 , 1000000000 , 1000000000 , 1000000000 , 1000000000 , 1000000000 , 1000000000 , 1000000000 , 1000000000 , 1000000000 , 1000000000 , 1000000000 , 1000000000 , 1000000000 , 1000000000 , 1000000000 , 1000000000 , 1000000000 , 1000000000 , 1000000000 , 1000000000 , 1000000000 , 1000000000 , 1000000000 , 1000000000 , 1000000000 , 1000000000 , 1000000000 , 1000000000 , 1000000000 , 1000000000 , 1000000000 , 1000000000 , 1000000000 , 1000000000 , 1000000000 , 1000000000 , 1000000000 , 1000000000 , 1000000000 , 1000000000 , 1000000000 , 1000000000 , 1000000000 , 1000000000 , 1000000000 , 1000000000 , 1000000000 , 1000000000 , 1000000000 , 1000000000 , 1000000000 , 1000000000 , 1000000000 , 1000000000 , 1000000000 , 1000000000 , 1000000000 , 1000000000 , 1000000000 , 1000000000 , 1000000000 , 1000000000 , 1000000000 , 1000000000 , 1000000000 , 1000000000 , 1000000000 , 1000000000 , 1000000000 , 1000000000 , 1000000000 , 1000000000 , 1000000000 , 1000000000 , 1000000000 , 1000000000 , 1000000000 , 1000000000 , 1000000000 , 1000000000 , 1000000000 , 1000000000 , 1000000000 , 1000000000 , 1000000000 , 1000000000 , 1000000000 , 1000000000 , 1000000000 , 1000000000 , 1000000000 , 1000000000 , 1000000000 , 1000000000 , 1000000000 , 1000000000 , 1000000000 , 1000000000 , 1000000000 , 1000000000 , 1000000000 , 1000000000 , 1000000000 , 1000000000 , 1000000000 , 1000000000 , 1000000000 , 1000000000 , 1000000000 , 1000000000 , 1000000000 , 1000000000 , 1000000000 , 1000000000 , 1000000000 , 1000000000 , 1000000000 , 1000000000 , 1000000000 , 1000000000 , 1000000000 , 1000000000 , 1000000000 , 1000000000 , 1000000000 , 1000000000 , 1000000000 , 1000000000 , 1000000000 , 1000000000 , 1000000000 , 1000000000 , 1000000000 , 1000000000 , 1000000000 , 1000000000 , 1000000000 , 1000000000 , 1000000000 , 1000000000 , 1000000000 , 1000000000 , 1000000000 , 1000000000 , 1000000000 , 1000000000 , 1000000000 , 1000000000 , 1000000000 , 1000000000 , 1000000000 , 1000000000 , 1000000000 , 1000000000 , 1000000000 , 1000000000 , 1000000000 , 1000000000 , 1000000000 , 1000000000 , 1000000000 , 1000000000 , 1000000000 , 1000000000 , 1000000000 , 1000000000 , 1000000000 , 1000000000 , 1000000000 , 1000000000 , 1000000000 , 1000000000 , 1000000000 , 1000000000 , 1000000000 , 1000000000 , 1000000000 , 1000000000 , 1000000000 , 1000000000 , 1000000000 , 1000000000 , 1000000000 , 1000000000 , 1000000000 , 1000000000 , 1000000000 , 1000000000 , 1000000000 , 1000000000 , 1000000000 , 1000000000 , 1000000000 , 1000000000 , 1000000000 , 1000000000 , 1000000000 , 1000000000 , 1000000000 , 1000000000 , 1000000000 , 1000000000 , 1000000000 , 1000000000 , 1000000000 , 1000000000 , 1000000000 , 1000000000 , 1000000000 , 1000000000 , 1000000000 , 1000000000 , 1000000000 , 1000000000 , 1000000000 , 1000000000 , 1000000000 , 1000000000 , 1000000000 , 1000000000 , 1000000000 , 1000000000 , 1000000000 , 1000000000 , 1000000000 , 1000000000 , 1000000000 , 1000000000 , 1000000000 , 1000000000 , 1000000000 , 1000000000 , 1000000000 , 1000000000 , 1000000000 , 1000000000 , 1000000000 , 1000000000 , 1000000000 , 1000000000 , 1000000000 , 1000000000 , 1000000000 , 1000000000 , 1000000000 , 1000000000 , 1000000000 , 1000000000 , 1000000000 , 1000000000 , 1000000000 , 1000000000 , 1000000000 , 1000000000 , 1000000000 , 1000000000 , 1000000000 , 1000000000 , 1000000000 , 1000000000 , 1000000000 , 1000000000 , 1000000000 , 1000000000 , 1000000000 , 1000000000 , 1000000000 , 1000000000 , 1000000000 , 1000000000 , 1000000000 , 1000000000 , 1000000000 , 1000000000 , 1000000000 , 1000000000 , 1000000000 , 1000000000 , 1000000000 , 1000000000 , 1000000000 , 1000000000 , 1000000000 , 1000000000 , 1000000000 , 1000000000 , 1000000000 , 1000000000 , 1000000000 , 1000000000 , 1000000000 , 1000000000 , 1000000000 , 1000000000 , 1000000000 , 1000000000 , 1000000000 , 1000000000 , 1000000000 , 1000000000 , 1000000000 , 1000000000 , 1000000000 , 1000000000 , 1000000000 , 1000000000 , 1000000000 , 1000000000 , 1000000000 , 1000000000 , 1000000000 , 1000000000 , 1000000000 , 1000000000 , 1000000000 , 1000000000 , 1000000000 , 1000000000 , 1000000000 , 1000000000 , 1000000000 , 1000000000 , 1000000000 , 1000000000 , 1000000000 , 1000000000 , 1000000000 , 1000000000 , 1000000000 , 1000000000 , 1000000000 , 1000000000 , 1000000000 , 1000000000 , 1000000000 , 1000000000 , 1000000000 , 1000000000 , 1000000000 , 1000000000 , 1000000000 , 1000000000 , 1000000000 , 1000000000 , 1000000000 , 1000000000 , 1000000000 , 1000000000 , 1000000000 , 1000000000 , 1000000000 , 1000000000 , 1000000000 , 1000000000 , 1000000000 , 1000000000 , 1000000000 , 1000000000 , 1000000000 , 1000000000 , 1000000000 , 1000000000 , 1000000000 , 1000000000 , 1000000000 , 1000000000 , 1000000000 , 1000000000 , 1000000000 , 1000000000 , 1000000000 , 1000000000 , 1000000000 , 1000000000 , 1000000000 , 1000000000 , 1000000000 , 1000000000 , 1000000000 , 1000000000 , 1000000000 , 1000000000 , 1000000000 , 1000000000 , 1000000000 , 1000000000 , 1000000000 , 1000000000 , 1000000000 , 1000000000 , 1000000000 , 1000000000 , 1000000000 , 1000000000 , 1000000000 , 1000000000 , 1000000000 , 1000000000 , 1000000000 , 1000000000 , 1000000000 , 1000000000 , 1000000000 , 1000000000 , 1000000000 , 1000000000 , 1000000000 , 1000000000 , 1000000000 , 
