70,93
42,42
67,47
11,56
93,47
5,104
127,48
127,91
12,42
70,21
102,42
56,42
49,66
14,101
60,104
78,74
127,66
56,60
74,42
42,42
55,70
102,25
74,74
90,123
122,102
13,38
91,10
7,42
42,42
102,70
11,19
42,82
22,78
127,70
102,47
102,70
40,28
42,93
74,14
82,56
74,75
13,11
97,42
42,74
102,119
78,66
5,42
82,122
32,34
42,74
102,49
30,30
70,88
50,42
11,95
48,78
95,34
66,109
50,123
104,102
76,42
14,66
79,66
101,42
21,89
48,44
56,48
18,62
48,70
95,47
78,104
107,102
85,42
42,74
42,56
42,42
14,19
95,9
41,66
106,66
91,102
87,47
96,38
74,70
78,40
40,42
123,86
70,42
74,67
89,101
59,18
91,42
40,122
66,48
40,86
66,5
48,19
6,91
42,73
122,42
42,91
70,56
56,66
104,21
42,91
78,122
125,119
25,11
93,14
67,42
59,56
70,88
25,42
70,47
6,48
88,19
65,10
104,56
42,62
48,42
78,78
78,14
56,79
34,122
6,42
21,56
42,66
42,66
91,102
67,40
70,42
70,78
56,66
90,31
31,109
112,48
91,22
6,78
49,74
48,84
70,74
114,74
66,42
31,21
74,84
48,49
42,102
19,109
11,112
11,49
18,94
66,114
42,66
79,40
68,14
93,21
80,56
112,91
86,104
19,34
38,40
103,49
42,74
25,66
65,78
116,42
42,116
42,34
104,28
74,86
47,125
6,36
56,21
70,42
21,74
86,38
42,2
56,78
42,94
33,14
50,5
102,102
79,42
59,78
101,104
86,56
86,34
78,102
70,47
102,97
56,39
11,83
91,49
102,65
21,102
56,53
5,91
88,49
67,91
87,104
11,88
80,48
29,14
20,95
78,56
102,49
42,107
42,123
62,66
9,72
70,85
42,127
113,42
47,78
59,42
48,70
5,42
74,6
42,14
104,75
102,96
42,78
104,82
42,109
40,102
42,83
56,21
48,42
104,127
34,122
14,66
102,27
123,109
14,109
78,42
95,109
43,42
84,78
74,48
66,42
107,47
70,42
11,8
114,18
38,119
109,56
42,102
66,104
70,42
7,102
67,127
48,42
37,14
42,95
86,102
56,102
78,10
95,10
78,25
121,66
74,56
10,57
78,83
70,66
34,74
42,56
102,22
10,93
65,59
49,5
91,77
102,48
70,48
11,6
102,83
74,42
56,42
48,42
42,89
93,78
101,123
42,42
42,59
74,42
11,70
112,14
48,66
86,70
27,104
82,95
48,48
95,42
5,70
95,14
48,104
70,70
34,74
7,40
95,109
107,78
102,78
66,15
30,82
106,66
65,48
56,42
78,65
123,110
42,42
19,125
21,101
35,102
94,42
47,42
14,35
10,9
78,66
91,104
54,21
42,42
122,80
66,85
10,66
70,7
56,42
42,54
78,68
74,42
19,42
37,42
48,42
42,82
48,27
42,91
42,78
101,42
85,34
42,56
65,66
96,42
122,38
5,102
5,13
101,42
49,125
56,78
34,74
74,56
13,42
104,86
104,102
114,74
25,37
42,56
42,19
65,42
48,14
56,102
72,102
89,56
123,78
66,78
10,14
48,56
48,32
48,105
47,74
78,21
75,78
95,37
74,102
74,98
104,125
70,42
19,65
89,21
56,11
42,122
48,66
112,42
42,104
48,42
84,42
48,113
42,59
125,31
48,92
47,34
10,10
21,4
85,122
42,78
79,47
42,48
102,6
66,74
83,48
122,112
42,70
10,42
78,42
70,74
56,34
42,23
56,77
56,42
78,31
6,75
47,56
79,66
10,14
78,27
10,49
6,78
34,38
10,10
127,112
127,78
83,95
70,78
122,42
47,122
91,48
70,13
48,6
78,48
56,42
42,70
109,67
42,90
101,127
56,42
6,78
95,29
56,0
70,89
48,56
78,48
56,31
86,66
107,92
48,33
85,6
86,74
70,50
66,74
67,48
47,74
86,78
78,65
22,70
80,6
68,127
102,66
101,106
5,42
42,70
102,80
102,101
56,106
66,10
74,90
6,77
42,42
42,109
42,70
48,70
68,78
47,113
78,102
102,74
78,36
45,48
74,82
103,5
104,86
102,91
66,40
42,42
56,102
74,70
34,127
74,42
66,102
47,106
70,78
104,14
42,66
123,56
70,101
86,42
104,78
52,56
102,109
84,70
5,74
121,66
48,74
42,70
22,123
34,49
127,42
30,7
59,122
66,34
88,86
35,66
19,68
49,123
14,102
74,34
60,66
13,33
40,78
104,42
42,66
42,91
74,95
102,95
48,42
42,89
91,123
49,93
56,49
93,88
48,42
42,66
42,42
102,78
122,125
86,74
123,109
90,49
70,66
66,42
19,102
65,102
42,109
70,74
42,70
70,56
66,14
78,102
123,47
42,56
49,70
42,42
102,78
72,56
122,42
42,42
74,68
91,66
48,122
25,70
48,78
66,14
40,93
91,48
42,70
10,114
37,91
16,40
16,70
40,88
42,107
19,78
42,96
33,123
11,14
107,14
70,112
56,119
34,78
66,91
42,56
48,104
5,90
74,56
112,70
74,66
42,13
56,70
22,67
56,56
48,14
102,88
42,48
74,42
42,48
48,49
125,70
15,102
42,40
101,125
87,42
49,14
42,74
42,42
122,42
19,91
93,47
42,83
50,42
62,67
77,78
123,65
14,40
78,34
42,78
54,6
95,80
56,21
42,84
5,48
123,102
104,10
55,22
42,14
49,91
85,34
97,47
56,70
25,123
42,70
74,48
74,66
10,42
56,48
114,78
82,48
13,98
122,95
75,25
123,42
48,91
85,56
48,32
77,89
48,42
6,42
50,66
95,32
42,78
20,74
66,101
74,70
103,113
47,48
125,66
10,102
78,42
7,42
38,21
75,37
109,74
29,19
56,86
122,66
66,42
80,42
74,74
66,74
31,47
85,42
65,101
42,65
21,72
42,56
42,42
21,42
102,42
5,101
104,42
102,29
122,5
101,19
95,102
66,75
109,65
81,34
5,119
34,77
61,56
78,21
67,122
42,70
5,21
65,42
101,123
41,42
11,48
78,91
74,42
109,80
78,48
98,74
42,56
48,122
42,104
34,48
48,48
123,74
37,70
47,78
47,42
102,70
44,70
74,42
47,42
11,65
101,85
62,48
104,86
65,112
28,78
91,98
91,42
68,70
106,127
42,48
14,25
102,67
56,98
34,11
65,102
56,42
113,49
42,10
47,78
42,7
96,42
56,42
66,30
121,14
113,48
42,90
74,5
74,107
86,54
95,74
127,42
46,67
31,66
101,96
66,19
48,42
78,78
49,56
48,102
96,70
48,127
104,78
70,74
104,42
42,74
18,95
102,42
85,59
82,11
78,93
47,6
77,70
42,104
48,42
95,78
34,48
93,10
49,35
70,42
66,86
101,77
54,91
78,42
42,66
48,19
63,33
42,93
42,5
49,21
127,79
104,69
104,14
102,10
102,42
42,70
42,103
78,88
56,79
56,66
91,34
78,42
116,19
66,77
98,42
102,6
56,3
66,92
48,77
56,84
31,47
70,56
34,56
91,48
21,34
47,42
14,40
95,70
113,34
42,127
123,66
72,74
104,122
123,74
21,98
59,56
85,118
68,42
42,9
40,95
5,48
42,14
48,11
42,10
82,88
78,17
56,5
70,10
47,3
66,42
74,65
48,89
109,42
74,106
48,42
42,66
57,104
42,48
48,101
48,122
29,42
70,9
70,95
48,29
74,42
109,95
95,20
59,74
42,34
42,56
90,19
47,66
10,13
109,70
48,70
49,70
21,42
48,42
42,66
70,102
74,70
70,48
74,7
1,66
5,40
113,48
42,74
101,38
42,11
95,101
42,42
42,11
48,74
7,42
101,25
10,28
48,94
31,109
127,66
47,42
30,56
113,125
6,5
78,42
88,86
78,66
42,70
109,56
42,42
47,42
70,56
45,66
95,102
70,93
42,96
86,42
127,42
42,70
66,102
40,74
55,123
42,107
42,70
14,74
5,65
3,68
56,48
122,25
56,74
42,65
34,42
6,66
70,42
65,102
70,74
87,56
114,42
65,48
10,78
56,74
21,42
84,48
48,102
95,37
91,9
114,65
42,42
19,91
123,68
70,78
42,42
42,109
74,42
86,42
50,42
6,114
70,66
42,104
66,74
42,70
86,42
74,48
85,84
22,104
59,25
42,42
101,74
6,70
42,77
89,37
50,74
6,70
114,125
42,10
74,91
70,74
102,109
48,106
34,3
74,42
21,65
25,40
114,95
42,34
48,15
42,10
70,21
89,102
107,77
42,122
45,114
47,42
70,56
37,79
14,70
56,70
6,56
85,42
75,109
62,74
19,78
95,78
70,50
28,5
70,29
102,78
121,66
56,66
121,42
48,42
102,11
37,86
122,19
9,37
21,10
48,118
42,91
19,42
101,35
41,56
48,108
122,101
48,74
13,42
14,70
42,95
109,11
102,89
95,42
66,70
86,14
78,127
74,42
101,90
44,19
114,42
101,10
66,123
48,6
56,42
74,122
122,70
70,106
127,48
10,66
34,48
35,11
42,56
13,5
42,66
109,21
70,48
65,14
59,6
101,52
107,107
86,78
114,66
91,123
101,74
11,78
101,11
78,123
5,66
82,42
110,102
44,109
80,48
101,56
42,49
42,47
66,5
48,119
102,104
42,20
42,19
70,72
48,70
74,70
59,10
123,70
19,127
77,123
75,123
70,48
74,49
42,65
21,48
56,56
5,101
42,119
2,56
122,114
6,42
93,42
42,122
56,73
42,102
56,122
11,47
78,13
42,66
82,2
40,28
42,42
21,78
11,29
82,39
34,78
42,95
74,42
6,104
102,49
42,119
14,78
123,42
70,56
74,70
74,42
74,48
74,93
14,42
84,82
65,42
102,6
74,83
65,122
74,35
57,29
42,42
67,79
9,14
61,42
56,104
122,29
11,56
127,19
11,42
68,125
74,96
107,65
88,40
56,59
78,56
11,49
5,74
30,89
78,19
78,65
101,42
70,65
102,78
109,49
14,74
42,59
102,77
95,42
66,56
49,48
112,7
86,55
74,50
84,25
61,95
109,127
109,102
127,78
42,35
14,42
127,66
42,47
102,64
16,79
62,40
85,51
7,78
5,66
123,42
78,79
56,65
5,38
74,104
19,70
14,102
123,78
48,13
82,56
66,80
48,86
91,107
127,74
66,78
48,78
42,121
56,19
79,42
59,13
56,9
42,102
104,48
78,18
49,56
109,70
66,19
42,48
42,5
48,78
23,66
74,66
70,96
91,70
70,102
70,102
42,56
42,56
102,123
14,89
109,78
30,40
37,123
28,119
127,42
107,32
42,101
104,54
56,113
42,66
78,27
102,74
104,102
109,74
70,70
5,122
101,78
66,62
102,22
78,31
5,82
5,66
70,66
42,38
66,56
70,40
48,48
78,67
101,74
121,110
70,19
78,78
66,74
17,40
67,91
49,74
74,102
6,56
15,74
48,78
9,70
101,42
34,114
80,42
56,42
70,74
48,56
42,70
56,5
66,84
47,14
70,42
102,48
84,102
42,42
42,102
65,89
67,36
41,102
34,47
42,107
104,107
102,95
78,102
84,70
47,63
66,74
42,42
92,66
96,59
67,56
34,47
125,5
74,122
91,10
56,56
42,97
66,34
6,78
59,42
14,84
48,102
22,101
74,107
42,77
65,70
70,42
68,101
21,70
42,10
70,42
48,112
11,114
104,22
6,127
11,42
60,19
14,73
21,65
88,66
42,47
102,74
11,102
101,102
50,88
10,78
79,13
48,65
56,5
42,86
70,34
14,78
42,49
122,102
21,66
102,48
96,78
56,93
102,49
42,42
42,22
127,42
48,5
42,56
42,125
35,70
74,109
48,48
56,109
49,25
21,77
70,86
74,84
123,78
109,25
112,71
95,11
70,70
102,21
102,93
66,78
102,112
34,109
21,48
38,70
48,70
42,15
42,66
42,34
102,97
42,74
42,48
42,31
88,112
42,95
42,78
42,42
40,86
19,70
11,79
42,66
78,19
85,65
70,42
92,66
42,6
79,6
34,56
56,93
66,103
77,101
48,2
127,119
82,74
48,104
91,70
70,104
48,34
42,49
91,123
42,48
11,42
114,42
56,28
70,86
91,6
86,42
42,122
56,23
66,102
102,47
65,78
14,65
37,42
42,89
84,42
78,70
82,91
114,49
19,95
42,89
13,107
34,56
66,42
56,78
56,5
75,10
6,102
109,91
74,21
42,98
66,47
109,42
21,104
48,56
78,42
42,48
66,49
66,56
48,15
78,82
42,123
42,42
14,42
102,70
102,35
42,122
79,19
88,66
107,42
104,42
45,66
102,56
66,48
42,27
85,42
109,102
25,56
79,66
42,30
48,42
14,78
6,10
78,9
42,114
74,91
42,56
114,56
56,68
109,42
30,70
21,6
42,85
79,45
70,10
123,42
42,125
78,70
35,62
86,29
127,19
95,6
48,95
66,102
102,85
66,42
13,56
56,42
66,6
102,58
102,42
66,48
34,47
66,67
107,89
123,91
38,74
42,25
22,56
42,70
82,38
119,70
68,86
42,84
42,6
42,75
5,92
74,98
102,49
70,74
42,102
42,42
90,107
47,101
86,11
86,125
42,3
56,42
34,34
120,42
48,101
90,42
21,42
38,122
121,11
42,8
6,66
74,42
42,22
56,74
109,42
79,78
42,42
47,127
70,78
56,102
47,42
102,66
48,40
74,19
91,83
65,104
125,42
91,42
42,104
56,42
42,102
95,42
78,70
80,21
80,11
42,78
42,127
91,37
83,78
104,50
48,75
68,42
42,78
42,42
42,22
42,104
42,93
5,42
70,34
56,68
19,70
70,88
30,70
123,89
14,66
40,47
116,78
104,19
82,74
10,75
50,56
91,56
6,107
66,13
65,70
70,33
80,42
6,42
78,33
91,90
42,65
74,65
102,34
70,47
48,72
46,74
42,21
7,78
78,10
125,31
42,70
56,77
42,91
86,87
50,95
65,123
70,6
19,65
21,90
48,78
102,22
42,48
86,40
30,67
127,86
74,7
14,42
6,21
6,113
48,107
13,109
11,65
28,49
6,78
80,47
102,42
48,70
91,42
123,66
14,18
96,48
113,66
88,78
66,48
123,47
56,91
122,90
42,40
66,66
78,42
5,42
102,42
48,10
25,48
86,78
78,122
25,34
56,66
66,28
42,66
56,48
70,42
21,10
78,56
70,116
35,101
47,102
86,42
62,34
42,31
70,11
28,127
13,32
42,70
66,104
74,83
127,37
87,66
114,70
47,83
95,56
86,89
88,127
65,48
91,66
78,48
70,74
42,84
55,112
82,48
70,42
78,102
56,66
67,21
102,74
8,56
74,70
40,14
56,122
78,109
48,78
45,74
42,6
101,42
65,32
102,56
42,78
55,78
123,48
93,29
56,122
42,31
42,101
48,66
19,35
95,48
38,127
40,70
127,78
42,102
59,32
74,86
21,49
102,47
65,121
19,56
42,66
35,21
42,6
30,19
70,5
50,66
74,70
42,86
127,89
102,49
122,56
10,42
13,95
42,90
78,11
5,56
11,91
42,49
74,40
102,74
70,90
70,9
42,127
123,101
78,48
74,30
78,56
90,76
78,66
48,123
91,74
113,14
127,102
83,74
42,54
78,42
74,42
28,78
37,104
42,65
19,47
42,74
5,42
42,102
102,78
74,47
40,42
102,96
77,42
66,101
42,11
40,78
123,70
55,42
34,84
48,66
109,56
45,70
74,42
42,89
70,42
70,102
66,82
42,9
90,118
93,14
5,66
82,40
10,66
104,5
27,74
66,112
75,123
42,70
56,42
49,48
29,42
28,107
42,60
81,34
6,66
7,78
66,74
56,84
11,102
85,102
47,102
102,122
75,89
48,10
70,65
74,86
37,48
65,70
74,40
48,127
14,102
112,48
102,102
102,123
102,74
66,42
42,48
42,30
82,40
40,119
66,56
112,30
95,59
113,127
42,42
21,42
49,102
109,123
42,74
42,94
14,68
42,70
14,90
10,11
18,74
42,91
86,109
74,56
78,47
48,19
78,86
86,123
17,42
102,42
78,75
42,73
19,56
86,68
42,61
42,14
10,11
30,35
48,67
125,125
48,30
4,66
74,109
83,6
11,112
34,70
74,48
86,21
67,113
80,42
56,123
66,70
47,10
56,19
67,101
42,14
56,14
42,0
86,96
42,42
113,66
102,56
66,122
42,6
28,123
14,13
123,29
42,74
40,70
21,95
68,122
42,67
48,47
74,48
123,68
60,42
27,102
14,56
38,10
78,74
102,38
42,42
78,112
66,109
42,37
78,47
102,74
101,114
42,42
74,107
74,70
48,74
11,13
14,42
109,42
42,42
84,56
95,70
86,48
40,67
49,31
67,70
123,56
41,44
22,59
25,89
78,42
78,91
56,56
83,19
66,56
37,47
42,74
114,42
42,56
80,70
101,65
78,107
122,66
78,42
78,127
34,95
66,74
56,42
84,74
78,6
21,14
11,74
48,91
4,122
70,42
110,70
78,22
56,74
42,42
74,70
101,37
48,14
74,119
66,70
125,91
88,34
79,77
74,104
42,122
42,40
78,56
70,127
42,47
75,68
58,42
38,70
42,5
42,36
78,78
102,6
127,122
48,56
70,42
49,29
47,70
109,48
21,16
6,101
78,66
42,73
25,79
56,5
18,10
42,74
66,10
90,66
72,6
42,101
86,42
13,66
42,48
42,109
66,6
42,42
70,102
95,74
56,66
127,87
11,69
48,78
101,93
70,33
66,22
36,66
104,78
70,101
78,78
78,28
102,109
112,127
34,42
95,5
107,66
95,102
112,10
78,112
74,34
14,10
84,48
66,74
49,70
59,66
91,11
91,42
45,42
48,31
102,95
65,75
66,122
89,75
42,78
56,70
22,48
42,70
42,10
42,9
65,102
104,91
9,86
74,123
109,11
14,42
42,34
102,70
19,48
74,78
127,42
38,21
86,127
29,48
102,42
42,70
123,11
66,40
34,74
74,102
102,34
102,75
112,30
78,70
6,35
59,42
82,42
11,65
66,65
101,38
66,65
42,82
19,48
119,90
42,29
68,42
109,56
42,56
70,49
56,96
5,122
127,75
78,102
42,70
96,56
70,56
61,74
49,112
59,56
74,66
5,6
78,10
14,102
42,21
42,42
22,78
42,42
70,47
56,34
33,42
91,23
104,23
48,122
2,42
70,56
19,70
55,78
42,89
42,85
48,101
102,70
56,56
70,123
123,96
127,42
70,42
86,48
86,34
86,109
66,11
66,84
19,42
119,42
22,104
75,78
70,3
86,66
104,127
5,42
70,42
42,98
78,42
70,74
42,126
119,56
109,42
103,95
56,19
104,14
78,80
65,102
66,65
42,42
3,48
42,56
70,86
42,40
109,70
42,47
91,102
59,127
49,66
56,102
70,78
21,102
49,119
74,48
42,42
51,74
42,5
123,49
56,42
40,70
122,48
13,14
91,101
42,122
13,95
48,74
93,28
83,34
70,31
79,78
95,50
104,78
56,13
42,21
19,119
56,67
107,106
30,102
14,19
78,28
70,42
101,82
66,109
22,101
109,74
48,70
40,109
66,34
48,65
38,10
107,118
78,78
42,42
66,68
106,48
80,78
91,70
74,123
101,78
40,21
78,50
127,48
104,47
79,42
65,14
42,42
42,42
48,125
113,42
109,35
6,42
48,19
91,102
42,56
42,126
102,95
40,107
42,70
9,7
83,19
78,13
42,40
60,47
56,66
18,49
40,102
14,37
82,35
42,42
83,48
27,48
93,123
49,48
102,21
28,123
42,48
48,107
78,95
61,102
40,42
56,34
21,47
49,42
30,77
49,47
48,66
66,31
56,48
122,86
56,47
65,48
56,49
14,66
86,91
86,34
86,42
95,74
122,78
38,6
74,123
42,5
114,70
70,56
65,122
48,101
74,39
74,42
74,74
127,84
30,83
22,48
78,104
78,66
48,42
42,78
21,40
102,121
31,66
104,7
48,109
66,42
72,49
65,74
104,65
35,6
103,70
78,102
42,5
49,56
54,40
85,67
70,48
7,48
66,40
59,109
70,42
56,122
91,5
70,42
48,35
42,91
14,42
5,48
88,104
77,74
34,114
42,119
37,42
65,82
42,59
11,70
91,42
21,95
65,122
56,14
14,3
14,7
78,47
42,42
82,123
47,101
48,59
89,42
127,42
59,75
102,101
127,66
70,42
59,42
127,78
6,40
114,78
80,21
42,119
123,127
42,42
95,47
79,42
114,101
7,48
85,31
79,42
35,78
13,86
42,86
6,5
42,34
42,91
70,42
7,78
72,101
65,56
47,5
56,56
78,56
85,74
109,42
122,34
102,95
42,102
102,123
48,68
42,70
5,56
102,78
66,42
48,102
25,86
42,5
70,123
109,81
78,70
92,104
66,42
102,19
109,11
6,42
48,45
125,107
6,48
68,6
56,25
14,42
5,70
42,14
10,48
42,127
74,107
42,95
74,55
95,42
85,42
78,66
127,5
59,109
56,125
84,66
96,32
66,70
127,70
54,102
66,47
66,42
34,66
22,56
5,122
101,5
42,80
73,42
102,42
42,80
92,34
10,65
86,11
83,66
42,42
45,59
104,93
114,40
101,102
42,66
74,56
16,13
113,122
78,70
74,52
42,11
125,42
67,88
48,15
113,11
42,21
74,3
127,74
89,11
6,86
75,91
42,74
78,48
38,88
34,74
42,93
65,14
42,66
68,56
5,78
42,101
49,42
48,66
107,60
102,42
78,95
70,122
56,40
66,78
56,70
102,56
9,70
102,35
42,5
123,6
66,79
74,52
7,70
9,34
47,104
102,102
80,91
42,102
5,19
23,11
95,34
101,42
42,40
42,101
42,86
48,34
75,74
47,42
10,11
125,48
102,109
37,29
109,78
6,123
70,42
42,70
5,74
20,86
42,42
38,48
102,47
73,70
42,78
48,70
42,104
70,19
102,5
42,90
42,19
78,109
42,70
83,104
123,78
125,80
78,111
67,31
42,48
104,42
74,70
114,66
74,42
114,14
6,92
78,56
96,42
66,78
74,42
47,21
42,19
70,66
70,56
70,102
5,0
48,109
56,104
48,107
50,66
70,74
28,66
102,19
75,80
42,122
102,42
102,94
54,74
102,70
102,66
56,94
74,47
56,70
42,102
79,29
123,42
68,110
14,122
14,127
42,47
56,118
66,78
42,112
101,82
72,21
19,114
59,66
123,95
49,74
56,19
66,42
70,86
42,95
84,59
14,104
42,10
42,40
48,66
42,106
70,74
42,70
48,42
109,10
42,68
44,6
14,66
19,74
60,42
19,66
5,70
102,42
74,14
101,48
14,36
102,50
102,113
77,66
56,48
78,47
101,42
66,122
68,21
66,10
40,66
74,113
56,56
41,48
66,102
79,21
40,42
5,35
74,14
42,21
91,102
91,49
122,14
34,102
75,42
14,102
42,82
102,56
14,10
102,70
49,79
74,38
42,70
42,42
78,102
78,74
102,127
78,102
78,59
119,65
127,95
34,42
3,102
42,123
70,102
123,78
48,102
42,56
85,34
48,29
34,42
78,102
78,11
10,42
19,70
56,42
42,25
95,102
66,96
62,104
70,95
123,78
78,109
107,49
102,42
101,42
66,11
14,14
78,83
74,70
70,70
42,42
48,66
74,123
78,42
42,42
73,74
124,102
56,84
42,42
112,86
70,42
70,93
42,122
119,9
10,66
66,113
2,91
119,11
65,121
56,80
103,48
31,122
122,91
42,123
122,70
34,104
78,49
42,109
85,16
70,66
123,127
42,49
42,109
42,42
42,42
78,104
105,42
42,107
48,47
56,42
56,70
39,74
30,19
56,107
42,42
6,34
102,42
56,102
48,74
10,56
94,102
102,65
78,42
42,70
79,74
42,70
66,42
42,62
66,42
29,112
65,66
68,70
5,5
48,30
70,84
70,23
47,109
9,38
6,50
74,48
66,75
48,42
42,42
5,74
10,102
42,14
21,48
10,104
50,14
119,70
56,102
42,79
48,82
38,50
123,78
113,22
74,14
74,118
42,13
66,85
70,42
42,48
66,102
13,48
127,14
6,74
11,42
114,42
86,78
122,112
91,10
66,45
70,18
66,49
13,48
42,70
86,94
31,109
42,48
79,3
95,101
85,42
42,42
66,122
42,88
6,78
70,19
79,11
104,74
6,29
66,42
70,89
42,95
102,125
21,10
74,126
48,102
56,19
56,48
74,42
42,42
123,104
19,42
123,47
70,127
66,70
15,48
70,5
78,42
102,42
78,21
109,70
102,78
74,78
42,70
37,48
74,80
42,78
102,74
85,56
42,65
66,6
42,19
74,104
31,47
14,104
74,48
65,123
37,102
37,19
56,78
70,91
65,86
65,42
70,42
42,48
68,104
78,102
42,49
55,5
42,48
122,56
66,11
91,42
18,42
84,48
42,42
91,42
65,70
40,91
85,102
42,28
48,42
37,42
104,93
42,78
42,42
50,70
89,70
102,85
25,102
78,123
42,78
14,104
70,29
109,48
70,86
80,6
30,43
56,42
42,14
5,42
48,48
21,70
91,56
48,42
74,25
49,78
74,48
95,97
28,56
56,5
40,5
48,70
48,65
38,104
21,42
74,42
70,16
78,42
123,94
42,56
74,56
47,6
123,127
102,78
66,74
48,78
101,42
70,42
123,79
11,65
11,48
48,123
78,42
90,66
42,112
86,83
29,119
42,78
42,89
127,70
122,42
74,42
102,94
25,114
75,42
70,29
102,34
42,48
65,77
78,42
70,49
65,19
34,122
83,78
88,49
66,70
70,14
65,65
102,78
42,56
7,102
41,123
42,42
34,48
101,56
66,74
68,28
89,48
102,10
48,56
47,73
56,68
74,86
107,14
122,65
42,78
42,42
42,28
40,91
102,39
123,48
42,42
123,70
22,67
7,40
40,42
56,95
30,19
36,74
47,9
127,78
48,107
5,40
13,42
5,5
42,122
11,48
77,66
49,66
42,78
42,56
66,66
101,102
42,6
122,56
127,101
84,21
66,65
42,7
13,42
96,42
78,109
75,42
48,86
11,42
70,101
34,5
66,107
122,42
40,66
102,42
75,78
117,74
42,56
19,74
66,66
14,48
70,70
93,42
74,42
42,70
91,11
102,42
11,77
66,95
6,109
95,14
113,78
102,42
86,91
42,119
40,89
88,13
119,42
91,78
84,78
34,5
42,29
86,78
13,40
34,95
21,48
79,29
50,102
56,127
42,104
102,66
70,10
42,47
9,22
102,78
42,102
78,39
118,0
56,102
48,127
11,48
42,42
78,98
102,48
101,11
10,102
101,65
102,42
42,42
42,93
21,47
42,95
70,70
14,81
42,97
66,42
70,4
28,42
31,47
66,42
102,70
65,74
48,56
10,78
101,49
42,14
56,91
70,13
23,95
70,33
127,42
114,74
78,22
107,68
30,84
77,65
49,15
90,47
8,48
70,102
36,109
48,74
86,56
123,6
85,28
66,10
49,19
40,56
70,83
42,56
82,45
104,42
42,66
102,42
16,89
34,19
40,74
74,70
91,121
42,56
42,125
102,5
102,14
37,127
48,49
49,21
25,48
58,102
102,34
48,7
10,74
10,70
78,14
42,102
42,102
44,9
79,14
66,42
30,98
102,78
79,122
13,49
66,42
91,10
74,19
78,42
70,29
18,74
56,101
47,113
74,83
56,65
40,95
86,42
42,42
101,77
42,122
42,86
97,31
16,50
78,49
78,42
75,112
7,103
48,6
25,42
21,74
118,28
101,21
19,66
82,10
70,78
78,95
34,19
48,56
14,5
109,95
5,91
102,126
102,40
42,78
34,6
102,102
74,48
11,123
70,95
70,42
48,42
48,42
70,125
107,93
9,56
42,102
70,42
78,66
107,70
47,42
42,98
86,42
47,21
106,48
78,10
56,42
48,11
70,10
101,42
70,42
74,74
78,42
34,119
21,85
19,14
6,42
83,56
48,74
78,50
65,21
29,73
56,63
114,123
5,74
74,78
48,42
56,70
94,48
42,6
42,77
66,68
48,78
91,56
6,42
6,42
39,42
96,56
42,109
119,55
102,6
49,122
87,102
29,14
10,42
82,68
66,49
42,37
10,42
70,42
21,42
42,14
90,102
78,56
86,91
6,78
114,11
65,35
42,123
56,112
19,18
42,48
15,19
114,6
42,10
56,66
42,74
101,19
74,91
10,14
109,42
70,34
49,125
19,42
102,47
101,6
70,102
58,88
74,42
56,42
82,49
102,49
56,66
42,48
70,42
102,14
109,70
65,104
56,37
114,48
101,49
56,56
101,91
42,70
78,6
42,11
6,74
42,42
66,102
101,25
56,78
42,22
123,125
6,32
42,42
42,7
42,70
102,70
42,74
34,70
42,11
48,10
42,122
14,119
78,123
21,66
78,92
10,112
74,38
5,10
42,114
70,42
42,78
68,42
120,11
102,84
88,42
48,123
86,113
42,74
42,28
102,127
49,40
95,101
42,102
48,65
107,125
102,102
70,42
56,109
94,21
42,107
42,42
56,56
42,86
78,21
78,66
40,66
62,84
74,42
48,83
15,42
104,78
21,47
38,66
66,27
17,42
49,48
102,42
49,56
95,56
13,40
127,83
102,34
56,66
47,42
48,19
113,114
50,102
112,104
7,42
101,42
88,49
42,127
102,74
78,49
102,56
74,102
88,42
74,60
102,49
11,42
10,47
42,42
42,19
7,56
78,102
50,47
56,48
66,39
70,14
79,47
74,22
102,21
21,49
78,83
42,33
42,56
122,102
42,70
101,48
78,42
70,104
109,49
21,83
34,48
56,91
84,91
6,35
74,121
80,42
66,102
65,48
42,65
42,70
91,42
74,42
70,125
42,47
102,66
95,66
19,4
78,42
42,47
54,66
42,48
42,42
42,56
78,50
91,114
34,74
42,30
90,6
107,48
42,66
90,109
56,5
25,14
19,123
11,70
48,66
10,78
101,102
7,101
123,35
91,66
78,91
42,127
34,28
123,42
101,6
48,83
42,70
66,10
14,122
95,22
102,28
127,48
42,50
94,42
74,66
66,28
42,48
68,78
78,42
42,6
21,102
42,42
70,127
95,6
61,70
117,9
102,40
54,123
95,70
66,3
42,56
40,2
70,122
102,118
66,86
35,104
48,56
59,74
86,66
19,42
42,66
56,42
10,40
122,66
84,42
56,109
42,104
42,19
42,74
78,74
13,6
91,47
78,79
74,113
59,28
109,66
75,79
42,56
114,42
86,31
40,48
47,42
102,48
59,101
66,13
89,91
70,42
91,42
74,109
5,102
70,42
11,65
13,84
101,66
38,66
78,101
101,125
11,66
68,70
127,9
42,96
5,102
78,91
78,117
42,42
113,102
34,66
42,97
42,49
70,42
48,28
66,50
70,36
104,121
74,48
46,78
48,122
95,40
5,102
77,42
70,56
48,42
19,80
89,5
42,21
59,48
102,97
101,42
42,78
65,56
102,11
42,30
42,78
78,127
66,42
3,42
74,78
70,56
70,5
78,74
19,102
77,11
42,78
42,78
78,42
49,48
10,121
6,67
70,102
42,113
119,65
86,42
102,123
80,74
42,42
19,95
28,78
42,56
49,77
83,86
70,102
66,28
91,51
93,42
21,35
78,48
66,66
47,93
42,9
10,42
40,56
70,74
66,78
15,6
48,107
15,122
42,114
17,42
102,70
21,101
65,13
104,91
40,42
65,56
5,42
127,38
48,10
42,14
39,79
56,82
38,48
86,56
21,70
40,122
25,104
70,42
85,7
6,101
42,19
65,74
48,77
101,2
49,14
32,78
34,70
99,42
102,70
66,86
48,93
78,22
88,42
49,66
66,42
91,48
42,102
47,42
74,74
42,42
6,42
102,14
102,42
74,86
74,42
61,66
35,56
74,122
95,84
56,102
14,101
48,65
104,5
42,3
56,36
65,84
10,65
95,10
51,19
49,19
48,95
74,70
113,78
62,102
56,78
42,123
42,109
11,42
74,78
47,66
59,34
78,65
95,66
78,122
21,74
5,70
56,42
66,2
42,119
48,74
28,48
14,59
70,70
102,42
107,66
23,42
98,127
36,13
21,42
29,91
19,109
34,48
5,56
25,19
22,2
42,11
42,127
40,74
41,74
79,118
118,42
48,42
95,74
102,42
66,66
19,80
95,70
13,42
123,122
42,102
31,14
66,22
48,40
42,42
42,96
95,42
122,66
48,66
10,74
91,104
95,42
42,95
114,40
70,19
65,109
48,127
70,42
87,66
50,60
14,70
85,123
42,49
42,35
70,127
11,118
59,66
42,74
42,42
91,125
42,121
78,123
9,5
56,102
7,42
127,5
74,56
70,37
13,43
11,125
74,102
48,11
127,66
42,48
42,103
40,48
66,82
42,25
66,21
78,102
85,49
10,48
70,42
95,42
93,49
86,74
21,56
35,66
40,11
5,91
102,56
82,78
38,56
102,125
70,42
48,90
31,29
70,42
113,78
102,19
93,49
49,66
74,84
66,66
37,86
56,78
66,42
11,123
65,47
56,78
42,21
85,34
42,25
96,56
42,127
56,56
47,42
42,42
123,86
66,102
48,123
42,78
88,78
42,70
30,14
14,95
42,102
125,48
6,62
40,79
106,56
86,102
65,89
91,48
31,70
95,113
74,66
127,95
48,40
28,78
66,42
68,56
31,102
42,5
42,66
50,78
48,42
122,95
66,86
42,86
110,66
122,74
50,102
14,82
95,82
35,74
40,91
14,56
11,42
102,5
70,35
14,79
14,42
107,34
42,36
42,78
42,95
122,11
42,80
70,95
125,52
89,70
123,123
42,49
48,66
65,21
74,35
48,47
92,61
56,39
59,91
42,15
22,74
48,121
42,21
69,91
47,74
11,42
10,59
6,21
78,74
74,56
109,65
70,86
78,70
95,3
67,14
123,47
2,56
54,48
48,48
107,34
113,5
18,42
77,95
42,56
59,70
21,109
119,14
10,42
11,42
70,66
119,109
48,50
5,42
112,42
70,70
74,78
10,78
90,122
19,122
102,119
42,95
123,74
48,78
42,48
11,29
21,42
11,42
74,42
37,91
11,47
56,74
40,30
6,66
48,127
74,66
40,42
5,39
74,78
14,42
40,56
56,30
66,48
70,109
67,119
102,42
91,66
91,21
102,113
70,34
49,65
70,59
106,70
14,42
82,127
31,109
70,78
123,50
59,42
31,95
70,68
101,70
66,42
74,9
74,16
101,70
80,48
42,65
56,68
102,34
101,102
102,83
6,42
95,70
42,47
56,127
48,42
10,122
70,70
42,104
112,11
42,89
63,107
40,101
11,56
34,22
21,42
42,66
34,66
66,127
29,102
61,93
30,48
86,70
48,56
38,102
10,74
74,40
5,44
9,73
42,42
25,56
48,65
78,103
42,78
10,102
109,101
75,78
40,114
56,42
42,102
74,42
95,74
78,102
48,78
78,42
74,11
42,30
19,66
122,6
56,42
127,42
42,127
102,72
61,66
34,56
42,40
10,54
95,114
5,78
122,34
78,78
102,78
80,56
91,48
91,48
11,102
14,42
42,25
56,77
48,42
66,49
78,6
104,119
70,74
34,122
122,42
42,27
113,34
66,42
41,70
78,37
9,5
42,42
95,42
42,56
6,56
70,48
74,34
70,14
16,34
102,124
89,122
47,95
56,5
41,42
48,121
29,10
74,65
48,82
74,101
66,91
98,116
66,42
102,70
91,49
48,91
104,109
22,40
42,49
101,122
74,21
42,55
30,127
91,34
74,42
42,21
35,109
48,80
70,123
74,44
95,75
70,56
47,21
72,34
48,47
42,57
65,8
42,42
93,125
78,5
86,91
78,56
42,70
42,78
104,42
66,66
90,37
50,11
42,48
56,9
56,48
21,5
102,95
118,42
48,127
48,78
40,101
42,42
74,78
42,6
40,10
42,42
19,74
109,104
40,67
93,54
109,91
74,65
109,48
11,28
62,48
54,95
70,21
94,70
48,122
6,70
119,34
42,42
11,14
47,34
21,66
14,102
102,42
66,88
0,21
42,86
42,50
38,10
56,21
122,42
42,123
42,122
42,42
56,96
48,42
56,25
42,40
30,56
48,7
29,70
56,19
73,101
95,10
122,49
47,66
56,91
56,56
74,95
55,102
40,6
102,35
66,11
78,14
56,74
91,102
29,104
5,65
123,95
42,42
48,125
40,96
10,30
123,42
74,127
42,56
101,101
109,74
66,59
113,74
49,32
42,67
101,42
56,47
118,5
75,119
61,70
122,65
6,42
91,86
30,65
29,91
66,27
109,42
34,22
48,66
6,70
118,2
21,79
42,56
42,54
127,42
70,123
42,74
42,19
116,10
122,70
6,31
95,123
102,66
49,123
102,60
122,101
95,11
123,78
91,70
70,68
14,75
10,14
102,78
6,93
34,86
42,42
86,42
74,34
70,68
48,78
70,89
21,42
42,29
34,77
42,67
35,78
112,48
78,66
122,48
127,66
70,34
78,123
119,42
78,34
37,74
113,56
56,56
7,56
70,48
42,70
66,89
85,42
11,42
48,11
127,70
31,88
116,42
56,42
42,10
102,106
87,78
42,127
50,78
33,86
75,42
82,11
6,66
42,37
21,19
42,47
9,82
36,34
42,119
35,31
74,59
74,80
56,85
21,48
78,74
48,19
34,34
38,102
95,95
86,33
5,34
6,91
56,21
59,38
96,14
5,34
102,102
60,70
127,78
102,47
97,42
122,47
60,28
102,91
27,104
102,30
48,127
104,70
35,74
74,127
10,67
42,11
35,14
85,104
11,78
42,47
50,56
122,42
56,74
56,42
93,21
80,42
86,101
28,42
13,109
94,78
78,32
75,78
42,82
50,127
101,104
42,65
95,82
123,91
56,37
42,122
123,48
74,112
86,42
42,74
22,34
94,114
34,48
74,74
6,19
31,91
49,102
21,86
42,29
19,42
95,40
56,66
66,102
48,42
21,32
56,42
34,102
38,19
56,91
42,42
42,40
42,50
37,77
109,42
78,38
70,9
42,120
95,42
74,9
40,66
9,70
42,40
69,50
48,89
14,21
34,48
74,122
104,48
87,42
42,59
42,125
56,88
42,84
42,102
70,11
48,28
78,56
70,42
102,70
42,35
78,13
42,101
19,70
48,91
21,19
60,109
42,42
91,5
49,42
48,49
42,113
70,127
74,75
42,86
80,47
42,70
74,49
11,102
21,73
19,5
42,102
66,48
31,101
109,102
25,123
109,40
125,47
78,40
42,6
48,102
127,11
122,42
70,42
42,39
19,102
74,65
107,39
19,74
56,85
10,101
82,42
78,62
66,42
42,48
104,14
49,84
86,107
13,34
66,122
7,21
102,118
50,102
91,42
21,70
42,69
127,42
48,6
70,56
73,70
104,42
25,127
48,122
9,42
14,118
102,42
6,10
68,25
42,114
102,14
97,50
102,25
47,77
102,38
48,86
122,11
42,122
61,66
74,6
14,42
83,66
29,42
40,78
83,48
48,19
74,56
14,21
123,127
21,78
91,104
78,19
21,74
102,42
44,21
74,66
91,95
42,9
11,70
66,4
66,78
48,32
123,42
42,42
66,70
123,103
79,42
56,74
88,34
32,48
95,56
42,49
56,86
123,11
42,70
21,78
48,113
56,74
38,70
70,116
30,66
28,29
112,91
96,122
49,74
14,42
42,34
93,66
66,31
74,9
86,42
47,37
70,49
42,78
47,50
104,65
49,66
55,6
42,48
104,42
46,34
88,104
37,38
59,66
66,19
98,42
66,42
14,49
78,78
35,56
74,95
10,39
42,70
109,42
125,56
68,21
11,34
66,21
102,91
101,85
42,91
22,40
66,10
34,102
66,55
42,42
109,56
84,91
42,80
30,56
78,66
96,74
59,125
101,42
42,78
78,10
70,103
89,102
48,40
19,78
6,41
42,70
7,56
102,48
70,91
127,10
28,42
70,56
66,40
56,35
101,104
89,78
11,102
40,9
48,42
7,42
42,113
48,5
25,56
29,78
13,40
42,42
32,56
42,78
68,70
14,78
42,91
48,42
74,70
56,10
89,66
62,102
56,34
78,70
102,10
7,42
6,95
48,32
16,42
40,102
74,37
121,47
47,42
48,97
74,107
8,101
59,61
95,104
101,68
104,122
42,83
78,109
37,47
127,42
102,11
42,7
80,70
80,101
78,70
38,104
102,49
56,97
104,42
101,42
66,70
42,101
6,48
6,5
102,9
56,66
42,102
112,42
22,47
14,42
119,66
109,96
32,70
107,86
122,70
42,6
74,104
10,11
37,34
127,102
56,109
56,83
48,66
21,42
48,85
49,42
47,42
42,56
42,49
102,70
65,127
42,42
8,74
127,68
48,42
42,104
66,42
66,109
48,74
25,122
102,40
5,42
95,104
42,7
5,114
102,13
12,10
48,3
4,11
48,19
48,56
0,123
6,42
70,56
42,104
6,102
40,66
109,13
125,55
127,102
44,10
102,42
58,47
8,78
56,79
74,91
86,34
42,127
48,21
94,127
102,25
42,74
14,66
70,52
42,11
40,74
74,109
64,42
11,42
106,74
34,109
42,34
42,104
78,48
74,42
66,47
6,19
42,88
14,42
86,70
34,102
70,42
106,24
51,42
66,70
55,106
101,48
42,104
30,40
47,68
42,123
70,78
66,102
35,127
112,42
42,20
48,89
50,75
77,42
123,85
85,14
102,22
56,79
66,49
42,75
21,59
74,78
48,10
31,59
78,56
85,59
74,56
66,34
42,47
66,30
70,42
86,42
7,49
83,0
42,127
26,116
59,56
112,56
29,14
42,82
32,98
21,66
66,125
9,86
78,42
70,19
47,90
42,13
101,50
19,56
102,65
42,109
48,30
70,40
42,50
116,42
79,66
42,70
42,48
102,66
42,102
56,105
65,74
42,66
5,78
42,101
70,123
10,70
42,35
42,66
42,102
42,42
95,42
98,47
80,56
70,74
13,19
42,42
68,47
127,123
42,102
42,47
42,84
35,48
42,14
73,48
114,78
1,42
37,95
127,42
48,109
104,16
66,48
78,66
101,78
70,70
48,30
123,5
70,66
56,42
70,42
74,66
48,70
70,65
10,14
57,38
95,66
102,56
31,113
42,45
42,48
5,107
42,42
122,74
11,101
66,10
48,78
104,19
47,56
123,55
74,109
21,78
9,123
39,48
123,95
80,119
5,40
65,42
78,48
78,42
103,66
14,104
11,91
102,48
47,5
91,74
93,42
19,66
42,56
78,84
2,6
49,118
78,107
4,95
6,19
42,19
46,42
74,77
78,106
78,59
42,42
42,42
70,91
6,14
70,104
95,13
78,78
67,42
82,30
6,42
65,35
70,47
29,35
56,42
42,102
104,66
101,78
109,42
63,66
3,77
74,87
102,96
21,14
74,74
6,119
104,92
42,42
63,66
102,102
42,127
74,42
48,78
101,42
109,48
89,66
74,48
23,48
19,54
42,42
10,42
29,123
42,21
13,66
48,42
7,75
122,102
42,88
54,109
49,66
66,21
48,113
127,66
112,102
42,14
7,49
51,102
10,14
40,74
66,109
65,66
85,7
56,70
95,49
48,107
48,66
21,6
123,42
56,66
42,102
80,120
70,87
112,123
83,102
42,91
57,10
48,3
70,127
48,42
42,66
113,78
70,102
49,127
48,65
34,42
66,80
84,42
19,6
78,42
66,114
28,14
5,91
78,70
113,42
42,48
125,42
48,42
66,109
74,42
78,47
109,42
78,82
34,6
99,109
74,34
80,86
74,5
42,56
30,56
74,107
78,56
104,70
66,42
6,70
74,65
109,25
48,11
42,36
42,83
91,40
42,84
42,6
11,34
10,48
123,102
102,78
42,104
82,28
102,47
102,42
42,33
89,56
34,42
56,56
11,70
66,74
121,78
42,92
66,70
79,66
74,49
11,6
109,11
95,42
66,16
42,38
42,49
86,102
127,91
47,42
55,56
56,70
49,10
119,56
102,70
47,42
65,22
42,125
27,102
42,31
42,70
66,74
31,11
110,56
50,127
104,70
83,49
47,49
2,48
78,70
70,44
78,74
56,42
6,70
79,78
102,42
48,86
35,89
21,14
42,70
48,21
49,114
42,29
74,70
125,47
14,74
79,42
102,70
35,40
70,125
70,96
82,114
67,49
70,19
42,22
42,119
42,66
66,11
73,42
10,42
65,42
109,70
40,91
67,11
10,40
101,42
21,84
42,109
78,42
42,74
34,42
70,106
119,48
122,42
70,84
102,42
6,48
122,65
66,109
28,42
42,21
127,42
13,42
42,42
56,74
106,42
30,9
35,42
7,66
102,56
56,66
122,7
90,48
42,70
49,8
42,66
74,123
109,70
44,102
70,93
56,66
48,95
74,109
56,48
97,11
102,42
40,47
21,104
34,42
29,7
11,74
42,123
82,25
40,66
66,93
29,42
74,56
74,78
70,42
42,127
66,47
70,112
90,82
5,102
48,102
74,42
86,78
88,5
48,122
74,50
52,47
42,66
66,13
102,66
35,90
74,56
74,32
48,66
74,56
38,93
42,10
70,65
70,55
91,78
74,48
65,75
86,78
92,46
40,66
78,42
6,65
94,105
48,42
49,112
66,78
48,42
7,66
30,10
14,42
102,66
114,85
47,42
118,66
74,7
66,48
94,30
95,34
127,42
18,88
59,70
10,95
65,42
65,14
109,48
86,29
74,42
102,14
42,42
25,52
47,42
123,42
40,42
70,66
91,84
91,113
125,116
74,42
66,78
101,104
102,102
56,77
101,78
48,47
93,78
74,2
42,74
113,127
54,11
47,78
123,109
42,48
42,48
102,56
86,42
42,34
42,42
70,6
79,48
122,42
48,104
78,34
104,28
78,85
42,42
127,80
95,29
122,56
37,88
42,102
127,14
42,48
104,84
103,5
83,70
65,14
74,31
101,49
78,95
122,78
78,102
70,48
35,40
67,42
82,104
47,66
9,78
5,102
42,96
42,42
48,42
9,74
42,48
70,102
34,6
19,42
101,102
42,42
82,48
86,70
65,102
82,56
104,66
86,40
78,93
13,56
42,21
42,40
119,31
31,42
102,42
67,102
66,19
39,74
6,89
74,107
42,86
11,70
66,11
93,74
74,92
127,42
42,45
42,6
14,66
85,70
34,38
49,88
70,56
80,42
78,42
11,5
6,74
56,90
78,42
102,86
50,48
101,114
37,21
78,70
48,56
42,107
91,96
104,62
11,86
42,101
78,48
91,38
109,110
92,102
91,42
42,102
95,74
59,42
66,91
42,42
91,102
95,86
48,66
42,116
33,74
78,66
19,56
33,48
48,19
66,42
102,74
116,42
23,48
102,78
70,40
92,23
5,78
42,7
86,101
42,5
42,48
42,102
42,47
36,75
77,56
42,66
56,78
75,49
21,66
34,93
59,42
107,78
82,42
78,74
42,74
6,56
78,56
122,42
113,9
75,66
56,113
56,102
42,119
42,56
47,42
42,88
2,42
70,74
42,66
123,70
42,42
56,52
91,54
118,74
88,42
127,104
19,48
74,34
66,88
42,6
49,104
95,42
56,48
42,84
42,79
66,5
70,78
6,109
5,122
78,30
104,48
56,42
9,42
49,102
68,10
114,19
101,42
42,42
19,70
42,97
47,104
42,56
66,49
95,56
48,73
95,14
95,42
86,93
107,96
56,42
65,31
42,70
38,86
65,102
42,42
70,102
5,30
35,102
29,104
86,6
59,102
109,107
127,66
70,42
42,95
42,74
41,30
66,109
42,70
42,47
127,95
56,51
74,42
34,68
68,74
78,66
42,93
86,109
66,83
42,78
70,106
66,61
56,42
101,48
102,25
59,31
47,42
42,42
102,55
78,42
42,62
11,114
56,91
127,114
102,86
10,113
70,122
66,123
30,102
56,42
66,48
70,42
48,102
94,21
102,14
118,78
65,21
47,85
56,78
6,42
48,35
78,50
42,42
65,78
102,127
42,78
74,42
56,42
66,102
102,125
10,25
123,35
93,66
33,66
78,86
116,49
122,90
42,42
122,88
85,74
95,45
102,49
18,42
86,42
78,40
125,28
5,118
48,70
100,112
70,66
16,56
66,102
123,122
102,103
102,104
47,46
74,78
93,66
40,42
125,102
86,48
74,95
11,42
42,42
66,70
109,59
70,73
48,65
42,86
42,6
102,104
123,19
95,56
79,42
75,42
107,78
0,109
102,78
48,42
48,101
82,42
10,74
42,78
94,67
5,78
101,101
13,70
56,40
104,56
102,12
103,104
74,47
102,49
42,48
34,91
109,47
34,42
36,59
70,82
42,42
70,102
42,78
56,85
109,10
50,104
91,66
42,21
109,109
48,122
65,78
91,48
78,78
42,59
21,49
29,6
70,42
42,11
42,19
123,74
78,82
127,102
74,72
7,29
21,66
38,14
67,11
127,123
15,86
74,102
34,47
6,5
77,11
102,5
19,109
70,42
49,42
127,42
78,42
102,30
49,102
48,42
109,36
19,109
16,5
42,82
48,98
74,66
113,42
70,42
127,8
70,74
66,66
48,11
42,42
66,66
19,80
109,70
42,122
6,28
70,40
74,42
66,70
42,83
104,33
56,97
37,56
74,42
70,32
74,42
95,5
74,42
23,48
88,5
27,66
16,74
56,42
66,42
42,42
104,25
14,91
109,102
95,29
47,42
47,35
57,56
75,56
89,42
70,28
113,75
127,74
66,56
56,42
70,94
82,113
74,34
70,42
9,3
38,70
42,104
48,42
82,101
13,83
29,14
37,3
63,42
78,102
42,56
77,78
42,123
65,93
48,58
91,74
16,40
49,66
84,104
21,14
70,78
21,66
102,91
78,66
111,78
102,25
42,10
127,56
45,19
56,42
103,82
110,49
10,78
15,40
78,47
86,34
65,40
48,74
42,98
5,91
74,48
13,19
42,42
48,82
42,78
19,56
102,74
66,102
68,127
95,48
66,99
27,79
42,40
95,21
42,112
65,42
78,66
65,42
78,42
49,78
70,102
47,21
35,55
123,42
101,11
48,70
28,11
68,9
61,78
109,40
78,78
66,107
70,42
42,112
14,11
42,32
14,104
22,78
66,42
78,127
48,40
74,74
41,38
65,112
53,30
56,14
127,48
19,47
42,70
42,86
66,42
101,42
40,85
25,56
42,42
102,42
49,42
66,19
92,102
30,66
42,106
78,11
127,91
42,79
78,70
44,56
6,91
83,65
78,42
109,42
112,42
14,7
48,56
116,19
50,42
78,65
74,40
78,74
91,65
74,56
91,42
78,83
119,70
62,5
19,66
59,4
60,42
56,78
66,78
70,101
96,5
7,16
56,49
70,60
90,5
80,34
42,122
78,109
52,30
42,66
42,109
48,109
5,102
56,95
66,91
14,78
123,48
7,109
47,5
42,10
65,42
11,79
42,56
50,77
66,19
49,70
40,30
112,70
51,42
48,122
78,48
56,35
74,66
42,96
91,127
70,66
91,49
74,85
78,78
103,11
31,102
98,78
127,65
66,42
39,19
78,65
89,11
102,66
14,48
10,42
49,66
48,42
89,56
104,42
66,66
122,56
109,10
66,42
56,74
42,74
67,19
42,66
66,70
66,42
74,56
112,86
14,42
42,66
21,66
74,13
42,33
5,47
6,104
42,91
7,78
78,95
67,27
42,19
48,47
19,78
42,53
15,70
101,78
42,78
42,40
56,19
29,29
47,70
65,91
34,86
49,42
74,42
66,56
112,84
42,66
74,42
70,113
47,122
48,95
113,49
48,42
88,65
119,42
66,42
127,40
78,42
74,65
11,74
68,49
37,102
42,7
66,5
48,86
70,42
122,56
25,74
6,78
42,72
70,42
85,47
48,78
70,47
48,10
42,30
5,49
11,78
80,86
42,102
21,47
48,47
102,83
42,78
90,96
15,42
77,70
121,102
66,125
65,86
101,39
37,42
78,42
122,49
70,123
78,42
14,42
40,49
49,42
102,103
95,95
84,42
91,127
70,122
66,13
102,104
59,10
84,78
20,104
101,42
40,66
85,42
82,21
56,60
78,95
112,68
56,42
86,78
67,50
56,48
74,42
42,102
82,42
42,56
79,78
127,42
42,79
127,6
56,102
50,56
42,14
42,95
66,67
79,102
42,56
65,74
22,74
11,103
56,42
74,78
42,42
86,78
104,6
21,102
5,127
11,75
78,47
66,42
11,70
74,107
66,73
21,42
42,119
101,42
10,42
107,66
40,74
56,78
74,56
86,78
48,42
125,11
47,104
66,14
74,70
42,86
102,40
95,66
86,25
70,19
28,6
50,37
78,21
65,78
101,123
102,70
84,91
42,74
86,25
102,42
42,84
101,109
35,5
48,21
40,48
42,104
40,42
83,80
107,70
21,48
28,42
47,102
56,47
56,11
74,10
127,86
102,113
48,5
65,89
48,56
91,80
102,59
42,114
122,21
123,114
101,74
101,74
66,48
59,85
5,48
84,70
68,42
42,14
42,40
78,75
56,60
65,11
84,66
42,14
48,11
49,14
42,42
95,70
19,70
42,70
79,42
7,42
42,95
78,74
104,91
78,42
121,109
11,19
42,49
42,66
75,42
106,127
74,65
66,42
109,54
28,78
86,78
42,42
79,47
102,70
45,78
95,35
21,78
42,70
96,42
42,42
48,74
48,86
11,48
35,78
104,91
42,56
66,118
48,122
40,101
95,80
21,126
78,42
42,40
91,78
49,42
40,90
78,34
14,51
47,123
118,78
95,70
40,42
11,74
70,42
107,42
74,39
86,5
77,3
42,6
82,56
70,49
78,68
42,56
65,11
104,49
83,15
123,17
78,11
47,56
113,70
66,74
49,83
70,42
78,109
101,11
10,49
10,70
84,42
56,58
49,70
48,79
34,122
34,102
67,5
74,78
70,48
109,48
10,66
123,123
86,90
56,102
19,40
23,104
42,123
113,42
86,74
66,125
74,122
91,66
102,70
74,122
48,86
48,14
109,74
49,22
10,122
49,42
56,61
107,127
118,102
66,41
47,42
77,42
75,109
42,42
74,38
56,42
70,14
78,13
101,19
107,21
86,66
66,42
123,42
56,74
102,102
123,90
109,102
95,102
86,42
75,66
67,74
65,42
42,42
50,66
48,114
7,6
23,21
13,49
42,47
66,65
40,56
102,68
14,52
48,42
28,23
49,47
15,7
122,11
42,58
66,107
11,86
48,49
5,99
56,42
42,74
42,48
56,74
59,42
80,42
91,101
42,88
74,25
74,10
122,123
80,13
56,109
75,66
93,42
5,102
122,102
19,33
65,50
92,40
42,109
21,42
41,74
5,14
78,74
47,42
42,106
27,104
70,127
84,66
104,65
22,94
78,11
89,91
123,38
91,56
80,48
75,86
56,70
9,95
109,6
48,78
89,13
70,9
6,74
50,74
42,48
102,70
56,42
91,101
38,114
78,127
42,102
42,21
101,74
42,90
86,42
38,21
123,37
95,42
122,48
21,70
37,123
122,34
14,40
74,102
28,47
56,22
56,66
66,74
48,34
119,102
101,74
95,8
42,123
38,88
104,49
74,31
37,65
90,19
74,48
74,95
42,102
30,123
67,42
86,66
42,42
125,74
119,70
22,95
25,6
30,97
102,74
48,42
66,42
122,78
112,48
13,14
5,78
65,11
42,11
6,56
56,5
29,7
123,78
102,78
77,35
48,21
63,44
102,74
49,81
5,2
86,123
42,119
14,48
66,74
123,13
70,95
59,102
91,42
87,49
91,65
93,82
66,66
123,88
6,18
42,48
70,66
10,48
102,74
56,6
37,58
102,3
114,88
40,102
21,56
6,56
78,74
70,74
104,109
78,10
109,74
31,19
102,42
102,42
74,7
10,56
74,22
16,101
48,59
42,95
102,70
21,56
118,70
65,56
66,42
6,70
82,102
42,19
78,59
9,42
127,78
96,42
74,42
89,95
113,42
43,14
96,42
73,70
5,34
95,42
74,77
100,111
91,107
103,123
14,48
42,68
127,70
78,74
70,70
102,91
104,38
123,10
102,56
38,6
125,6
93,66
42,104
48,27
74,78
101,11
34,77
86,66
48,78
42,19
42,10
48,112
3,86
35,118
42,127
66,102
30,70
91,19
66,21
122,66
5,74
48,61
109,102
78,102
84,123
104,14
74,16
104,5
48,19
102,42
66,74
33,116
66,66
102,56
113,42
48,83
42,41
42,112
70,74
11,34
66,123
74,78
42,43
30,77
56,48
109,42
56,102
34,74
42,2
66,86
74,88
123,74
102,60
84,42
6,44
102,104
55,40
78,31
85,66
103,42
37,66
74,34
42,78
77,48
86,48
42,91
10,21
66,65
35,42
38,14
70,42
14,42
85,31
102,42
28,66
90,40
74,42
78,38
42,15
67,25
42,35
66,74
14,37
78,92
49,42
86,6
106,48
47,127
74,66
42,49
81,70
13,102
42,49
104,10
55,56
42,36
42,10
106,54
70,7
70,78
48,92
36,109
114,2
42,74
102,42
66,6
123,66
86,109
66,65
48,78
42,122
74,14
101,48
102,56
42,89
48,114
5,42
47,120
11,78
102,42
42,114
49,42
42,21
42,34
79,125
95,66
10,85
48,42
78,70
68,66
74,66
77,47
74,56
42,67
14,42
96,68
127,60
78,42
13,74
28,56
66,56
11,10
113,42
78,56
75,70
56,66
40,122
104,42
91,49
104,101
74,31
34,42
42,109
68,34
48,28
74,110
42,102
10,93
70,68
6,48
29,84
127,28
40,74
90,42
73,74
48,65
82,109
48,48
116,90
125,16
78,74
66,48
14,20
47,86
101,60
66,80
18,123
48,65
42,42
21,127
56,56
35,5
86,14
42,48
37,122
42,42
10,42
66,42
31,102
74,109
22,74
79,110
90,48
34,74
70,48
102,48
87,122
25,86
74,42
29,56
22,42
40,109
42,74
7,42
66,19
28,21
13,102
37,109
11,42
101,48
87,82
102,40
40,101
74,78
39,65
42,42
70,78
78,102
56,93
42,102
56,49
42,33
46,48
122,21
42,42
40,86
56,56
30,56
47,112
127,104
60,42
75,4
70,21
19,123
123,42
42,10
48,79
125,21
83,66
104,48
49,16
34,56
48,74
123,28
42,102
74,42
10,11
66,74
40,104
42,16
75,67
42,82
91,96
70,56
74,101
42,70
19,102
10,123
66,48
102,74
34,48
6,56
123,74
95,42
77,42
5,102
95,127
102,78
42,123
47,48
70,102
102,123
56,102
122,42
109,75
34,122
66,7
90,104
116,86
9,123
91,77
42,42
102,38
125,19
109,30
96,86
122,48
123,49
70,56
18,91
66,42
40,66
109,110
42,114
70,56
89,47
22,78
127,89
74,25
83,65
118,42
74,42
42,56
42,10
125,66
102,42
42,34
93,66
78,66
66,74
125,42
56,74
96,80
42,42
56,102
91,102
74,91
123,42
123,19
66,125
56,18
42,40
102,104
89,74
25,102
44,104
78,102
77,102
70,78
78,38
70,40
123,70
11,7
74,34
123,70
88,81
93,66
78,21
70,113
73,34
70,54
113,19
16,95
113,56
19,56
49,78
42,42
78,48
42,95
67,42
70,102
104,34
66,66
14,10
42,97
30,102
72,42
66,102
66,56
56,104
66,104
56,78
70,66
74,56
42,70
48,66
34,42
68,72
66,70
86,14
9,40
70,19
119,42
66,86
21,48
36,91
104,78
42,102
27,56
88,0
42,66
122,104
93,56
42,42
56,42
78,48
42,66
102,56
47,66
70,109
91,42
91,10
11,102
109,78
21,83
78,48
42,66
40,65
48,9
102,34
21,122
47,6
80,17
47,109
65,104
38,70
19,66
84,19
104,84
74,22
42,78
40,42
70,66
113,86
22,70
127,112
66,56
42,75
40,56
102,42
11,34
101,10
42,56
26,80
37,101
48,82
49,48
102,56
40,27
5,74
33,68
101,54
67,48
89,102
34,123
112,66
112,14
101,6
42,122
78,42
42,50
123,80
48,56
78,102
77,65
72,56
70,35
48,70
15,56
21,59
10,78
48,95
86,42
10,42
56,21
48,56
66,83
86,91
74,48
42,74
74,114
40,78
54,42
105,107
91,66
78,66
42,86
83,102
74,122
113,113
42,48
79,42
42,42
48,70
48,66
49,10
56,91
10,21
113,42
61,39
49,96
56,78
110,30
66,91
48,42
102,86
49,42
11,42
95,78
80,123
56,91
74,10
34,48
70,78
21,104
42,95
56,40
101,112
54,66
42,5
74,23
47,70
82,95
65,19
74,86
78,74
94,5
78,122
42,56
7,56
70,89
74,70
89,59
91,114
94,109
56,74
42,42
78,19
70,102
85,78
56,86
33,70
91,89
42,78
91,42
10,11
14,103
66,5
42,38
66,56
2,39
42,48
82,2
42,42
70,79
48,42
44,14
102,48
72,68
74,78
65,21
48,83
49,86
42,42
56,66
48,42
80,42
74,126
83,66
66,123
48,42
125,42
122,95
42,28
89,70
112,127
123,74
47,21
65,42
10,3
60,70
77,66
96,127
70,31
56,95
104,5
18,74
48,70
56,42
48,102
74,70
45,11
97,127
65,65
91,86
36,11
70,35
49,75
34,123
66,70
84,56
48,47
78,78
50,49
101,21
3,42
42,56
42,74
70,42
70,66
42,82
19,74
42,75
42,79
49,82
7,11
5,42
49,83
59,95
102,102
42,48
109,107
19,104
66,42
13,42
49,78
65,78
102,74
127,46
114,14
70,70
48,56
122,9
66,56
74,74
10,42
2,78
42,102
42,35
91,11
70,65
48,66
36,11
42,42
88,70
91,5
107,42
127,48
34,106
74,65
42,32
78,49
102,70
5,123
70,74
104,42
70,102
56,66
7,78
40,66
42,14
66,66
56,42
56,70
42,48
77,102
118,66
60,42
86,68
42,19
0,109
56,49
95,78
48,85
6,42
73,50
30,86
13,56
127,34
68,48
37,14
42,91
112,78
47,66
42,19
123,21
30,112
8,102
32,102
42,91
42,6
91,102
66,21
66,74
10,73
56,30
47,28
70,37
109,127
42,42
104,42
14,74
42,9
15,34
48,127
59,56
83,38
78,74
91,46
11,11
70,35
42,59
56,40
42,42
91,66
42,87
93,10
78,16
11,127
102,19
119,109
59,56
48,42
123,123
42,23
102,8
66,14
42,70
56,34
42,49
42,102
5,56
42,48
102,127
70,67
56,91
42,100
40,56
70,42
125,19
47,86
66,48
19,66
21,87
102,42
37,74
68,107
48,78
70,58
14,95
42,48
66,48
82,47
94,74
103,122
6,42
70,42
6,126
95,70
68,42
70,19
125,42
74,12
42,66
95,74
56,14
80,70
91,78
35,78
56,65
59,113
119,28
66,42
74,66
6,10
96,70
49,127
70,65
42,91
66,70
6,48
48,29
56,28
5,66
113,5
65,84
127,42
95,56
91,123
65,127
66,42
109,86
42,68
110,88
21,19
101,122
102,66
21,65
42,88
14,53
7,42
10,42
74,29
82,48
102,78
48,102
42,48
104,70
109,34
8,56
10,102
14,42
102,42
42,127
102,42
102,102
42,114
52,90
101,48
102,42
30,10
35,123
125,125
74,30
91,92
70,74
127,74
42,49
2,78
91,42
101,40
56,82
42,42
66,70
66,84
34,103
48,65
96,48
42,85
66,92
42,42
47,66
33,40
3,70
42,66
70,32
38,84
34,11
78,123
48,11
83,65
48,66
42,42
56,35
66,119
34,48
95,70
70,112
42,6
56,42
9,56
102,104
13,42
29,11
42,70
65,74
83,42
5,8
78,49
66,48
70,42
66,22
74,68
48,102
85,42
42,34
13,66
86,42
28,49
56,48
5,6
10,42
56,66
102,10
74,70
42,91
53,38
107,88
56,102
70,6
49,102
95,85
48,103
42,34
10,70
111,118
123,48
42,20
70,122
6,127
49,78
91,114
109,126
70,66
95,6
102,14
11,48
123,66
42,48
65,22
95,74
46,42
102,5
42,5
62,42
10,21
42,13
66,42
78,101
42,66
14,78
38,66
42,84
45,62
42,74
5,5
74,42
68,48
48,5
91,11
42,7
8,78
34,56
91,78
66,56
104,74
42,74
107,34
109,74
91,65
85,91
48,92
42,89
96,56
42,42
102,95
80,65
74,42
34,102
48,91
11,42
70,30
96,30
42,102
122,42
102,66
42,102
40,74
6,95
82,52
56,42
78,32
74,78
48,87
5,56
19,83
42,74
122,21
78,70
56,40
74,42
93,118
102,78
42,5
70,34
59,28
42,19
30,110
95,95
95,121
70,19
42,78
78,66
47,10
11,85
66,70
95,74
109,119
42,66
13,77
78,95
10,42
91,70
74,5
38,70
6,127
102,84
56,56
78,30
66,70
5,9
14,74
125,47
75,42
91,63
122,48
56,109
70,42
47,127
78,109
84,66
6,95
66,122
56,66
42,78
66,78
22,78
74,101
70,74
47,74
77,31
48,47
91,84
42,56
6,33
74,84
104,110
70,11
21,30
78,66
74,28
25,66
47,94
78,14
102,48
68,40
66,70
5,95
10,42
83,42
119,74
78,2
78,66
42,10
79,5
78,48
66,102
41,19
19,66
101,6
70,42
74,70
74,78
78,119
18,91
42,48
91,5
40,127
102,48
60,89
118,48
48,70
47,3
42,66
50,74
74,78
75,104
49,28
21,48
42,78
74,123
89,44
56,42
74,16
42,42
42,28
25,66
34,66
10,66
42,109
107,59
70,85
74,9
80,96
29,95
70,34
80,82
42,48
10,42
66,42
35,50
42,70
27,102
42,11
19,127
40,70
104,66
13,66
104,114
42,103
50,65
42,42
42,14
79,8
95,59
42,70
66,86
48,9
25,102
28,56
70,47
66,42
91,30
78,34
58,66
28,48
118,35
42,86
74,50
5,3
56,91
46,38
78,27
104,21
66,42
104,102
56,91
48,107
91,90
70,84
42,109
78,77
78,49
109,49
56,102
42,42
42,42
122,31
116,38
82,42
56,42
65,70
106,48
65,86
42,125
104,47
101,42
66,42
66,78
6,6
119,37
123,122
70,19
102,69
74,70
56,56
74,109
95,42
19,56
127,104
127,42
8,75
42,55
48,34
42,122
42,42
49,70
85,42
42,70
66,109
84,78
18,95
22,102
40,66
14,102
75,66
42,121
70,83
74,78
70,127
114,5
102,56
9,56
42,25
83,74
42,11
102,127
101,21
102,78
70,40
74,42
70,11
102,42
123,125
93,102
48,107
56,11
48,42
104,119
80,70
127,68
66,42
66,68
10,13
42,62
122,104
42,59
70,109
42,56
70,75
42,74
42,66
75,109
49,42
78,44
112,114
86,42
109,66
51,21
102,92
122,41
47,42
56,102
102,10
74,48
43,78
47,74
74,29
102,70
56,53
74,56
127,48
48,56
104,40
11,42
25,96
85,28
95,88
127,66
74,13
78,6
74,56
42,13
56,66
91,34
34,56
82,9
44,70
70,34
31,109
96,80
95,59
123,42
14,70
107,84
91,66
68,92
74,35
74,104
74,34
10,66
21,29
19,67
78,123
40,127
70,42
90,44
30,66
39,10
78,56
66,42
10,56
77,74
11,127
42,101
42,40
86,74
48,104
78,56
48,78
47,114
19,42
42,66
47,56
102,102
36,56
102,85
42,102
39,56
127,101
70,127
95,83
74,74
79,42
42,74
104,123
6,42
75,74
42,48
74,65
101,35
85,83
127,34
65,22
38,42
44,109
102,56
101,50
65,66
78,119
21,70
122,66
42,35
92,49
74,19
110,70
38,14
48,78
42,38
109,48
56,70
56,109
56,74
83,12
66,42
102,119
78,70
127,114
123,42
34,48
21,109
65,49
42,102
42,14
95,78
42,78
9,42
91,70
14,74
36,48
122,66
11,74
42,42
70,114
40,91
102,56
47,6
33,22
102,127
66,119
104,70
59,21
56,42
42,42
66,89
74,78
48,42
47,102
48,40
125,70
102,21
30,48
112,56
42,11
15,42
21,6
123,0
65,34
91,11
50,70
56,56
9,42
70,56
74,77
42,42
102,21
122,66
42,42
10,35
102,42
42,102
56,56
42,42
48,66
123,102
107,42
101,56
10,74
66,91
25,6
48,21
101,109
74,75
62,56
101,56
31,48
104,5
19,102
101,70
104,91
29,66
6,42
56,42
55,56
25,74
109,66
78,48
10,70
3,68
21,102
42,40
102,84
109,88
38,102
102,102
6,70
48,42
48,74
74,66
42,42
78,14
114,52
82,21
74,88
66,74
6,5
49,6
59,102
42,48
70,42
78,49
96,19
22,61
72,102
42,14
122,78
78,48
107,19
86,42
126,48
78,42
42,42
67,119
75,109
94,5
77,70
102,70
74,42
21,104
42,123
42,78
48,50
82,66
11,70
67,48
80,102
78,25
78,21
56,78
96,102
10,48
42,102
66,122
28,42
96,56
42,56
37,42
66,91
49,70
48,31
28,70
95,104
78,66
66,42
34,56
56,21
78,42
78,48
101,102
42,102
75,42
11,70
48,7
11,91
66,85
56,30
74,42
48,42
114,13
47,34
42,78
91,31
102,65
109,104
78,56
78,125
102,42
87,5
43,104
48,42
11,34
48,74
95,101
77,21
74,56
42,95
59,27
19,30
54,91
74,42
102,70
42,5
104,102
89,56
92,56
40,66
42,74
15,5
95,66
48,82
42,86
47,66
78,102
42,21
85,107
42,127
32,78
102,42
34,56
65,25
41,42
123,65
38,19
10,11
42,56
56,49
56,78
66,42
112,70
96,42
95,56
42,11
65,56
42,49
65,78
70,5
21,66
42,19
116,66
101,56
19,59
49,109
34,13
40,30
48,42
86,91
74,21
74,102
93,70
70,88
42,80
56,5
42,40
123,92
48,65
74,74
74,72
56,106
42,49
42,48
51,66
49,48
70,22
42,48
50,74
116,59
101,34
42,42
15,102
47,74
48,66
102,40
102,42
102,15
104,78
56,21
123,114
102,9
47,19
102,21
82,78
66,70
49,110
30,42
102,14
56,95
42,74
66,70
62,70
42,102
37,42
78,101
14,74
15,66
42,56
86,42
91,39
56,80
15,34
65,13
65,93
6,34
86,102
25,78
42,42
45,122
56,9
42,47
127,74
91,78
11,104
66,102
48,13
78,48
65,74
9,48
40,70
125,42
37,42
79,112
21,113
11,70
56,13
66,42
78,42
51,42
6,34
42,66
42,40
42,90
36,56
102,48
60,85
102,127
6,92
74,95
68,109
56,102
114,42
42,21
42,30
40,74
42,37
102,56
78,5
102,49
42,40
123,62
109,78
65,78
102,34
74,109
74,66
34,104
6,42
77,6
95,42
78,10
6,78
107,11
34,42
78,47
27,42
56,74
10,102
23,42
25,78
21,50
42,56
107,78
86,70
58,68
78,47
74,90
42,127
65,5
70,48
42,42
78,5
34,78
48,70
46,28
78,70
42,65
95,42
101,123
89,11
95,102
70,19
22,40
103,56
74,48
78,74
91,42
6,70
114,78
37,66
65,22
45,42
111,102
11,48
65,109
86,9
37,56
48,72
42,84
10,78
70,74
74,21
79,78
78,74
19,109
42,56
78,42
78,42
42,5
102,48
66,102
102,74
66,35
35,34
46,74
47,40
42,79
85,78
40,123
14,6
119,48
86,119
66,102
66,11
42,38
34,109
92,77
21,86
42,102
82,102
110,102
78,47
40,74
66,104
66,102
90,70
49,109
123,74
116,56
91,70
39,74
122,74
42,90
56,112
104,80
102,48
14,78
10,5
47,70
9,14
50,74
102,11
21,10
102,42
65,70
42,102
101,48
102,29
5,67
56,50
48,78
42,21
42,98
42,21
34,56
74,70
66,42
42,83
93,27
86,42
25,86
42,3
95,42
13,102
10,95
42,56
6,70
78,74
42,102
11,42
40,70
31,123
66,5
10,127
83,102
22,56
56,102
98,102
78,70
127,40
42,42
42,42
86,5
119,102
42,80
93,11
21,42
25,101
54,48
101,64
66,42
30,7
122,125
119,50
89,66
44,21
104,109
102,74
49,42
42,6
42,107
11,66
61,74
48,86
48,104
56,81
42,42
102,42
127,48
19,48
78,123
28,6
102,91
19,53
21,41
50,66
70,84
93,78
43,104
48,74
78,7
42,104
11,70
38,91
48,82
42,119
109,42
70,98
56,34
86,49
106,25
74,42
56,95
42,48
81,21
34,11
78,48
102,10
65,34
6,101
102,42
42,112
51,10
6,48
70,21
19,120
14,85
9,47
90,102
42,125
48,33
123,10
35,10
66,5
113,56
78,42
6,11
49,9
70,78
42,110
42,47
16,11
42,6
40,49
104,85
11,20
102,70
42,77
42,42
42,66
13,74
6,102
56,48
78,29
11,15
60,78
109,74
65,114
52,42
78,56
74,38
42,34
122,42
109,113
51,66
56,19
70,127
102,78
68,102
5,48
102,88
42,104
66,22
31,42
56,49
9,40
19,123
74,48
85,45
93,47
101,35
103,9
42,107
66,95
66,42
40,42
74,5
31,109
127,74
66,56
56,42
102,16
74,6
123,101
109,56
56,78
78,40
70,40
78,47
67,11
116,67
56,104
68,56
42,70
87,101
64,48
42,66
78,32
31,107
78,74
123,19
86,42
91,85
70,80
74,93
78,55
56,117
122,44
74,48
113,91
66,31
102,21
115,78
42,62
79,6
78,113
48,78
48,40
83,66
102,42
42,56
10,40
11,74
78,40
74,47
122,116
95,91
104,74
42,11
48,101
11,42
59,14
82,97
102,21
42,70
127,78
112,82
102,98
42,78
37,104
48,18
67,42
35,42
42,48
74,42
19,66
104,74
18,42
74,42
102,78
21,48
102,48
65,42
66,42
70,78
30,34
125,61
48,96
123,70
42,74
42,104
72,42
66,109
14,5
5,10
42,42
66,10
74,70
104,116
86,66
66,48
75,114
96,42
86,34
123,54
104,66
66,10
42,42
42,74
74,11
74,66
48,42
95,56
101,86
22,47
47,66
40,95
74,21
66,11
70,104
42,70
42,31
78,42
42,119
91,84
78,84
10,34
82,48
49,42
55,66
102,86
31,66
42,49
47,15
90,70
70,42
42,19
42,78
42,78
48,14
127,104
78,78
102,125
42,11
78,48
122,122
102,91
42,74
97,42
102,74
10,56
36,95
42,74
102,18
122,67
11,102
102,78
42,42
30,107
70,22
66,66
123,86
85,42
42,89
93,48
70,78
78,80
66,74
5,102
74,42
42,5
70,74
56,19
95,7
70,70
78,78
66,66
66,49
48,42
40,102
79,42
91,56
70,47
98,21
81,10
102,11
78,74
70,34
41,6
70,56
70,104
42,74
115,66
66,42
102,67
74,48
48,74
102,66
23,78
127,56
112,70
74,74
70,104
49,34
42,35
42,102
78,102
47,102
77,48
78,102
114,29
37,95
42,70
14,91
48,70
47,86
8,47
5,6
89,117
6,56
74,122
95,70
56,37
79,56
102,70
102,83
106,21
79,42
119,40
123,42
66,123
5,56
76,56
66,10
74,48
70,104
34,14
114,11
6,67
48,48
102,49
102,66
101,13
78,74
48,82
59,102
70,42
70,95
113,101
107,107
56,102
42,101
82,30
42,21
74,28
66,97
42,42
65,42
42,119
102,40
70,75
19,109
10,25
102,66
66,19
21,77
102,34
119,102
48,48
42,95
79,42
56,102
102,42
109,104
3,114
42,123
77,102
67,127
67,42
66,102
42,66
95,48
116,21
59,70
48,11
48,78
48,42
40,47
34,25
111,122
42,14
11,102
70,3
102,42
127,29
42,65
42,70
62,86
119,47
44,9
7,123
42,78
6,42
28,98
70,127
14,122
56,42
91,48
21,70
56,66
19,66
7,42
66,74
40,122
56,101
42,42
102,78
71,42
11,66
34,112
109,81
96,48
48,42
101,6
48,42
48,84
70,49
32,102
66,29
42,78
48,42
6,42
48,70
42,88
28,66
49,122
49,112
25,98
11,48
40,98
42,49
42,40
109,113
121,28
113,48
6,62
42,86
28,96
41,101
8,42
42,127
64,48
11,42
74,11
42,42
91,10
93,66
127,78
48,95
25,28
31,19
8,102
109,42
99,66
70,42
11,101
91,42
31,32
42,56
102,109
101,101
101,13
70,104
42,109
83,68
42,38
42,74
102,86
47,83
44,74
104,56
56,42
42,42
11,42
34,48
123,102
78,113
42,42
104,90
127,40
22,42
42,23
74,42
47,86
41,48
42,122
125,70
116,35
102,42
14,42
31,48
101,91
102,78
70,109
119,78
55,109
56,42
74,11
70,127
120,70
14,102
78,65
42,25
86,95
70,105
84,87
42,85
42,86
114,50
52,50
56,113
48,42
5,25
42,86
56,9
59,56
70,78
42,78
42,114
82,42
89,122
33,40
102,11
21,62
42,66
35,102
106,78
42,74
74,78
127,85
74,60
86,17
102,48
66,82
104,70
78,88
56,86
70,19
34,102
31,91
65,56
61,122
104,40
44,68
70,66
120,78
11,119
66,21
42,42
78,56
78,42
102,11
55,66
42,78
74,106
122,19
123,42
74,102
102,52
48,74
90,70
42,93
95,66
42,42
78,49
42,78
42,42
126,5
10,47
66,40
48,42
127,66
127,42
47,59
48,35
78,21
117,122
102,13
14,45
74,123
34,102
81,86
102,101
79,86
102,122
42,127
70,65
42,84
125,49
70,66
113,56
42,3
104,109
41,127
11,66
48,104
91,22
48,70
102,49
66,48
42,48
5,5
113,65
78,38
42,78
91,42
73,70
78,6
40,49
13,37
42,42
31,122
104,65
85,66
82,38
34,10
36,67
70,40
123,1
31,42
49,74
65,48
70,9
67,70
42,104
42,42
127,78
42,42
56,127
95,21
121,48
25,42
62,16
42,91
66,42
42,11
95,66
68,45
40,48
110,66
109,74
56,10
48,42
78,42
25,42
95,66
76,66
42,42
102,10
49,84
49,70
109,60
49,42
116,74
25,56
36,70
36,14
78,42
65,42
56,45
107,78
86,19
86,102
106,56
28,56
42,40
102,54
102,42
125,78
56,56
14,11
113,42
47,10
11,42
11,56
19,70
42,45
42,107
56,47
66,65
104,78
48,42
6,5
42,97
14,80
77,114
86,42
66,10
42,59
42,21
113,102
66,106
104,47
78,74
86,123
70,82
48,30
95,6
48,48
74,42
85,7
74,40
42,49
42,28
70,96
47,74
70,90
42,66
89,30
122,112
19,74
48,55
56,42
102,42
91,49
40,127
101,56
59,28
119,42
42,40
101,66
78,101
104,3
42,42
70,48
56,121
113,29
70,30
127,6
34,56
34,122
37,49
113,122
78,105
56,48
42,42
72,42
48,42
42,123
102,48
90,42
56,95
75,65
122,78
47,40
91,48
46,77
104,91
113,66
48,112
5,42
122,13
42,123
10,66
78,127
102,18
89,91
48,5
83,112
66,42
42,66
91,66
11,48
102,102
74,34
47,91
74,78
42,66
59,42
42,11
89,52
70,47
48,101
40,42
102,78
48,47
102,95
102,42
66,58
6,79
42,40
25,56
6,25
19,14
74,42
48,123
48,66
11,122
78,83
42,40
37,66
5,78
73,42
42,49
93,66
42,127
86,42
102,56
70,42
16,70
102,42
42,30
102,91
78,42
10,11
42,78
122,5
78,74
42,70
102,74
127,31
11,42
102,28
66,56
82,104
78,70
42,56
74,91
70,42
48,102
127,67
102,107
86,42
63,42
42,31
48,84
19,56
42,123
78,67
70,14
47,104
42,74
67,48
42,4
5,10
22,102
78,70
42,47
22,85
94,56
56,14
42,65
86,96
74,65
102,10
102,74
6,97
34,74
42,122
125,95
102,56
25,56
49,34
42,101
107,74
59,42
125,78
93,48
107,101
42,70
86,122
102,42
42,102
78,118
70,122
48,35
114,42
42,48
70,6
95,78
66,27
74,42
56,21
101,101
21,70
101,95
72,5
34,74
123,42
42,66
74,65
42,74
56,21
59,70
74,74
125,42
66,104
109,74
80,95
74,123
54,66
49,102
42,6
56,42
77,34
91,42
42,74
42,11
102,127
49,107
42,13
31,42
28,47
78,42
42,89
127,75
42,95
86,56
74,86
86,78
74,123
42,119
10,113
112,34
42,63
48,31
94,70
91,84
66,70
74,44
109,66
66,87
56,66
66,73
42,48
87,78
104,42
70,23
56,61
70,109
91,82
105,74
48,70
56,78
127,42
74,42
42,42
48,74
14,70
35,10
65,42
28,42
42,104
74,74
44,48
127,122
65,42
42,42
11,56
127,74
13,48
119,95
104,29
21,10
56,109
56,70
78,122
27,6
95,66
34,48
109,66
42,66
74,42
66,9
78,13
42,42
66,70
102,31
78,48
122,70
42,31
74,42
42,101
78,97
40,78
42,70
102,42
19,78
56,53
19,11
127,78
66,79
56,42
3,66
14,42
42,66
35,78
74,47
86,21
119,112
42,66
125,78
42,42
66,67
6,49
56,110
102,56
109,74
66,78
56,102
66,39
42,11
62,66
84,12
6,98
74,31
70,66
40,42
42,42
5,34
83,70
42,114
66,42
102,123
91,5
65,19
74,78
48,123
59,42
40,39
104,42
42,42
6,54
42,119
83,66
78,74
6,7
102,37
102,5
56,88
39,66
70,56
97,74
34,74
56,70
125,48
42,42
5,49
66,6
42,74
7,101
47,42
70,102
42,95
4,42
48,74
10,93
104,74
78,101
74,78
48,66
40,122
107,83
78,7
102,21
78,40
121,48
101,42
101,11
34,7
42,48
78,42
102,42
40,102
104,122
66,47
5,84
21,14
42,74
65,102
48,102
56,109
48,70
91,42
42,70
127,74
70,42
42,48
85,123
42,66
21,104
40,48
70,42
48,74
56,42
40,92
125,48
95,27
66,42
42,77
22,86
56,114
78,49
88,42
48,102
84,104
34,66
74,93
42,21
74,74
42,122
42,56
91,56
66,25
65,102
74,7
70,42
42,42
66,74
107,42
104,83
127,70
48,66
7,5
70,42
93,70
30,93
78,34
48,74
122,42
5,48
89,48
34,42
70,5
42,102
66,93
34,123
47,21
42,42
74,6
48,77
42,42
3,28
91,109
78,19
19,1
66,70
78,38
56,70
38,114
104,127
70,42
56,10
97,70
116,42
42,70
42,119
70,42
102,56
78,78
42,38
49,102
21,42
95,42
66,42
70,74
25,86
60,95
48,66
42,74
49,101
78,80
34,48
42,102
10,101
70,91
113,101
56,30
66,123
5,88
35,70
78,42
47,34
5,78
123,79
70,123
74,66
78,101
42,95
78,30
122,48
125,76
38,70
56,70
56,32
21,65
104,42
39,91
120,49
42,37
56,78
65,107
107,89
107,40
42,42
11,87
74,107
42,48
42,56
2,86
70,42
65,107
78,127
44,48
6,42
123,74
56,8
5,49
66,48
84,95
42,127
91,106
48,102
65,78
40,93
74,48
49,42
116,34
42,114
35,65
42,66
104,70
56,70
125,30
14,102
83,70
101,116
10,5
19,127
96,48
42,5
127,109
78,42
78,61
75,6
102,66
42,83
70,82
37,19
48,78
82,42
10,42
70,42
19,102
34,74
78,70
6,78
49,66
35,42
49,74
74,42
102,66
5,74
42,65
70,48
122,74
42,91
42,49
9,95
42,40
102,40
9,66
21,65
26,47
109,78
5,123
70,74
11,102
42,42
42,127
78,65
104,70
123,66
42,42
34,86
42,74
66,62
47,78
48,70
78,66
21,14
42,42
48,10
50,70
19,6
36,13
107,74
78,10
121,78
80,11
38,48
70,48
78,6
23,13
2,42
48,107
56,34
46,49
72,42
102,66
109,66
48,66
109,107
11,6
127,48
67,91
62,102
42,78
42,56
50,42
47,17
42,66
101,21
21,52
70,5
81,101
42,88
95,42
102,97
34,42
86,45
42,107
49,66
37,70
7,65
86,104
84,109
14,77
42,102
48,42
42,10
94,42
21,78
95,74
113,102
44,122
91,65
50,82
104,65
102,48
48,114
78,104
78,104
109,6
42,42
42,66
48,15
72,66
42,74
48,42
49,56
42,125
38,56
101,125
66,85
74,40
125,5
42,22
42,2
127,102
48,70
66,65
9,42
109,122
48,86
46,7
80,101
67,56
86,42
63,19
70,102
42,40
95,42
21,42
42,84
107,66
55,78
66,78
56,104
74,48
102,59
42,74
66,96
91,42
95,74
50,113
70,98
104,42
73,78
102,66
109,101
78,123
70,74
65,42
74,74
88,78
2,13
107,11
10,83
109,74
84,66
122,48
25,42
23,42
6,48
6,125
5,77
40,42
78,104
42,90
119,19
48,104
70,93
78,42
10,56
42,42
102,78
127,101
42,35
95,48
42,40
23,102
107,19
42,5
13,32
40,11
102,70
33,42
5,42
104,42
109,78
42,37
74,66
101,34
21,82
42,30
93,70
122,70
49,86
42,110
95,70
34,101
42,125
123,2
42,5
56,49
21,19
66,102
42,35
21,50
56,37
70,45
34,65
42,14
42,127
109,42
47,31
56,123
47,19
107,109
123,78
127,42
107,74
55,56
104,21
110,42
42,49
56,67
42,65
38,66
70,5
18,119
123,56
91,66
56,37
66,48
122,122
42,83
107,14
66,84
58,86
123,109
102,104
75,78
84,48
48,21
42,38
10,65
102,42
42,74
42,78
42,60
42,66
49,127
70,47
78,50
74,104
42,91
101,42
10,38
127,42
34,102
102,48
123,14
78,34
43,15
65,55
48,42
78,42
9,110
122,42
83,42
10,42
52,68
74,6
37,42
127,102
70,102
14,78
19,56
11,74
42,101
83,127
42,66
56,48
5,48
80,102
34,42
78,78
49,66
119,86
90,69
78,29
67,42
77,86
96,56
109,42
101,42
107,104
11,123
102,74
42,48
122,92
78,9
86,91
70,42
102,42
14,94
48,34
74,74
76,56
49,74
42,86
49,48
78,74
86,91
11,56
68,42
40,59
78,59
11,11
123,19
42,78
42,103
42,66
42,119
42,37
30,13
80,42
65,102
56,34
23,10
101,37
62,40
68,42
49,40
87,90
122,47
3,42
5,70
42,56
48,68
70,48
65,70
48,123
15,102
102,84
93,122
66,14
74,62
19,82
42,10
66,40
102,74
70,42
113,114
42,5
56,42
75,109
37,91
74,68
40,74
40,42
89,66
10,42
122,78
48,21
10,50
70,56
70,70
42,56
125,102
31,125
10,70
56,78
75,42
66,48
5,42
5,10
31,86
103,11
66,102
109,66
95,42
66,40
42,42
6,82
9,114
38,70
35,104
55,80
42,70
86,102
47,123
74,68
122,42
109,34
102,10
41,56
67,48
48,56
48,25
56,84
66,19
9,30
107,74
42,90
21,104
42,65
19,104
102,42
70,47
37,70
75,5
6,35
56,122
74,42
42,42
74,90
79,54
14,40
34,5
45,42
123,125
18,102
42,19
90,104
42,78
77,11
48,78
77,35
48,70
56,48
42,35
42,70
70,38
91,37
75,66
66,42
78,47
74,104
10,102
127,107
109,102
21,65
6,50
42,101
50,5
6,86
66,11
123,74
78,5
50,102
56,74
42,50
74,28
5,70
21,89
10,81
122,75
102,42
56,38
42,74
47,42
66,96
116,11
65,102
42,5
56,48
11,125
70,109
75,67
66,42
70,78
42,66
6,79
52,67
95,78
119,74
122,86
42,123
101,95
114,104
109,102
78,102
56,42
77,42
5,42
25,70
56,42
102,42
56,42
85,127
74,77
42,13
29,35
19,102
84,40
65,119
70,89
56,42
42,78
104,66
93,42
56,74
47,66
42,19
50,49
102,48
74,10
84,79
56,48
90,42
78,41
70,19
42,42
48,42
10,10
21,29
55,5
42,42
42,87
49,78
104,56
74,48
34,48
122,73
66,56
56,56
116,70
66,102
74,119
42,42
4,42
42,82
126,36
48,21
42,74
102,40
74,2
75,50
70,68
34,74
21,123
42,102
11,84
35,122
91,74
70,29
45,109
102,78
48,19
68,104
101,29
91,5
102,42
5,42
95,56
75,42
47,11
42,74
11,66
103,40
3,42
10,47
42,78
65,122
86,74
42,104
72,56
10,104
19,42
48,65
102,40
84,48
34,102
42,125
89,70
48,65
127,74
48,102
42,40
42,42
37,35
113,102
48,21
40,56
21,78
10,42
34,86
48,31
91,6
40,96
47,56
48,53
19,42
19,127
101,105
56,102
6,95
56,42
104,102
10,66
65,14
104,104
102,11
95,42
86,102
56,42
11,102
65,25
42,77
67,65
101,101
93,31
102,29
40,102
56,42
48,104
11,74
10,74
56,102
31,102
49,42
31,42
74,42
86,123
102,34
48,21
5,74
66,42
42,70
102,74
42,80
66,95
91,21
42,122
123,114
78,104
42,19
93,6
37,42
66,101
56,95
96,66
42,49
127,21
7,66
40,56
10,74
42,34
102,11
9,5
78,74
101,11
19,31
102,91
42,78
78,10
56,42
11,104
66,42
75,90
48,70
48,65
48,67
42,10
80,109
42,78
102,66
29,102
102,42
11,27
56,65
42,49
29,60
21,121
56,10
107,14
14,86
47,101
19,47
66,78
42,85
42,68
74,30
102,78
79,16
103,66
70,70
67,42
19,28
47,6
101,107
48,127
42,42
113,125
123,66
42,37
42,7
65,59
42,85
123,42
74,42
56,3
19,101
56,74
5,48
29,56
42,122
35,14
112,14
48,95
35,21
42,127
122,123
78,56
42,38
42,109
87,123
67,74
86,93
42,84
34,119
56,70
34,74
66,42
109,103
102,48
78,65
42,42
114,29
48,56
47,47
78,82
34,102
48,42
7,127
85,101
42,57
6,66
74,42
56,75
83,42
56,48
74,42
101,42
40,11
74,84
14,84
82,41
22,78
34,78
101,122
2,5
75,31
74,30
116,42
101,56
46,95
42,56
56,78
102,28
21,95
8,42
86,70
56,48
74,5
66,42
102,42
49,11
42,95
21,77
42,49
56,78
6,29
42,114
42,42
38,107
70,74
40,86
66,14
61,127
80,56
56,27
89,70
42,81
78,65
42,70
47,31
102,57
10,123
48,56
50,49
86,70
48,56
123,122
21,50
74,83
14,70
14,38
56,95
66,109
42,74
101,6
89,34
107,102
9,25
40,9
66,42
9,48
11,102
88,102
15,49
75,66
74,11
122,102
5,87
65,42
102,104
102,35
42,40
42,85
66,70
66,107
102,92
86,56
86,56
48,11
79,77
46,42
66,47
48,78
21,85
29,74
48,11
33,56
14,74
70,23
89,127
74,66
125,66
22,102
113,42
42,38
91,40
42,127
122,65
42,14
66,104
40,66
85,78
42,109
42,102
109,65
91,42
91,122
74,42
66,78
66,42
78,125
42,77
70,83
86,42
10,102
89,42
101,65
30,93
95,42
42,10
42,123
6,5
113,102
74,91
102,127
102,86
18,109
34,122
104,42
114,41
109,97
78,95
22,74
42,42
48,101
59,5
2,78
122,123
91,48
12,66
102,107
89,78
42,93
56,93
101,14
86,78
56,102
74,70
42,39
48,21
94,56
116,42
70,86
66,59
86,70
95,25
42,82
78,11
19,70
49,91
47,56
42,101
42,78
86,74
109,10
74,114
42,66
42,42
46,78
49,22
70,66
73,102
5,42
42,86
11,70
102,102
5,42
101,75
11,84
38,127
70,42
70,42
102,34
102,86
96,42
112,59
74,42
91,49
102,40
66,42
66,66
10,42
78,112
90,6
112,122
109,7
48,9
66,56
67,49
109,65
11,76
74,78
40,42
102,59
11,48
45,74
120,74
65,112
56,30
6,22
42,42
102,56
42,95
48,11
101,70
61,11
42,42
74,78
42,14
70,47
10,74
9,56
70,78
34,95
31,86
102,119
66,48
47,66
42,75
19,70
95,102
32,48
49,31
80,109
41,86
42,125
84,21
66,74
122,30
101,22
70,42
127,49
42,17
48,109
104,123
66,74
34,75
88,56
42,9
102,79
10,86
35,42
28,21
78,102
121,74
5,42
49,74
78,42
42,40
70,56
70,56
42,16
42,39
48,34
66,56
70,38
42,48
65,42
42,21
74,91
99,14
74,5
70,74
15,42
102,56
22,88
59,70
2,6
30,38
123,102
42,71
68,78
42,70
49,42
70,85
40,91
66,74
14,94
59,101
37,74
31,59
40,70
52,27
42,86
21,47
88,123
56,56
82,42
9,96
41,67
70,42
95,42
109,95
123,95
66,42
42,109
78,6
70,48
70,42
56,86
70,109
22,40
70,42
55,34
109,74
11,42
13,89
78,9
102,5
66,94
91,82
123,35
70,74
7,78
28,42
89,104
102,116
66,48
86,91
92,70
34,48
37,42
102,66
78,68
114,56
42,47
77,102
42,78
70,42
42,6
75,42
102,42
80,95
104,91
112,45
70,42
42,122
102,48
77,56
88,91
40,65
11,102
66,78
48,102
93,66
31,42
122,42
42,56
25,89
42,103
42,19
37,66
3,42
42,95
73,59
78,42
104,126
42,74
102,66
42,14
36,21
29,127
22,66
78,79
109,125
20,14
42,56
42,122
70,127
11,38
78,78
42,66
123,48
78,123
90,48
86,66
54,40
40,34
42,86
66,70
42,102
123,109
78,85
19,42
42,10
123,114
42,123
78,6
91,84
19,42
42,42
109,10
42,6
5,14
86,95
42,78
19,48
42,12
102,65
102,86
74,78
67,11
70,28
70,77
42,82
50,109
94,91
34,48
75,78
50,7
114,42
11,78
30,42
6,74
42,5
74,48
51,101
66,11
19,47
34,102
123,42
38,49
6,5
48,102
125,95
96,78
48,42
40,42
42,91
122,78
42,65
56,102
122,47
42,42
90,42
22,42
27,42
42,70
91,42
42,42
70,37
102,65
66,42
11,123
6,74
102,56
42,77
38,122
48,48
78,76
125,78
42,42
95,42
28,66
42,6
70,66
27,34
95,42
47,101
82,47
14,42
56,47
49,66
127,47
48,89
21,40
106,78
80,48
86,75
30,42
38,86
14,102
56,42
36,83
42,87
70,84
74,101
127,78
50,42
42,102
47,65
102,97
78,13
102,28
74,74
66,78
48,109
66,48
5,48
82,42
74,42
66,65
42,78
91,78
3,48
40,123
19,70
48,56
121,37
96,42
70,34
40,104
109,49
13,80
102,42
84,74
6,92
48,93
66,42
21,66
120,66
6,66
122,66
48,19
21,102
6,56
42,40
93,40
66,74
42,50
9,42
56,113
122,21
48,9
102,42
42,75
10,81
95,9
113,91
34,56
70,93
49,6
48,42
56,101
78,68
61,40
85,70
48,42
40,86
6,47
65,6
42,89
56,56
66,127
127,78
19,102
42,86
101,56
42,91
42,48
59,91
19,127
86,74
120,42
10,74
42,123
74,56
48,96
21,78
66,13
48,66
66,40
47,74
48,79
83,74
70,85
42,10
127,86
78,35
84,66
78,40
109,65
61,48
112,42
78,109
42,42
102,75
56,75
74,109
88,107
48,70
104,56
28,47
30,70
34,59
66,102
122,46
65,40
48,11
79,70
42,77
102,42
42,25
6,56
21,42
42,66
28,78
48,48
11,109
112,87
42,49
42,74
42,14
6,49
78,102
39,119
119,42
34,74
50,42
104,36
74,42
29,48
56,6
48,47
65,40
42,93
46,74
66,104
42,74
74,93
14,95
102,107
101,66
127,11
38,95
70,125
56,48
5,66
104,47
82,122
114,102
47,48
90,122
42,50
123,14
5,91
28,34
19,95
42,51
42,102
42,123
95,8
78,42
42,114
56,86
66,56
78,42
102,123
40,31
10,101
19,66
48,42
80,95
29,70
6,42
9,56
74,66
78,86
42,95
123,14
122,42
74,109
95,125
49,42
47,83
101,122
56,86
68,112
42,31
102,47
86,21
119,49
42,6
47,66
82,21
70,122
10,49
42,21
102,48
78,42
56,6
49,104
34,123
56,102
95,56
29,21
66,42
78,42
7,28
19,19
116,123
40,33
109,11
106,90
78,42
24,109
31,70
48,25
34,21
21,49
122,42
86,5
66,42
101,104
19,127
74,44
49,21
42,42
70,66
78,47
11,127
91,42
42,34
49,6
45,86
65,42
66,42
83,78
70,78
47,10
40,40
74,56
70,102
79,11
102,91
70,72
123,74
70,56
78,10
22,26
19,123
83,118
42,47
70,102
104,47
49,19
112,122
42,21
21,74
102,70
127,102
101,48
74,7
67,11
40,21
70,42
56,66
6,78
42,125
83,78
6,11
95,56
123,56
34,74
70,101
42,122
109,49
42,10
18,54
42,19
74,42
42,7
56,19
37,86
89,113
78,50
70,66
122,91
42,66
88,102
84,21
25,88
56,65
47,60
109,14
102,56
42,74
66,74
42,66
74,66
123,59
22,78
119,49
48,40
5,122
104,42
21,102
30,19
22,112
78,56
47,74
101,107
66,78
56,95
1,95
29,42
56,70
5,80
109,47
42,70
122,47
84,70
102,42
127,1
6,42
85,34
80,48
89,78
74,42
42,42
70,5
122,48
109,42
109,42
112,42
65,42
102,127
56,48
42,114
102,11
111,56
109,42
102,127
40,62
102,42
74,102
70,66
52,80
112,102
109,38
48,67
70,74
109,42
47,42
21,94
42,42
92,33
47,70
86,6
66,74
74,75
42,101
21,91
65,7
101,42
42,101
66,114
66,78
21,109
48,42
75,42
48,75
13,90
74,95
123,6
66,70
14,102
6,56
74,70
86,101
66,19
122,91
42,40
42,19
56,56
104,19
56,122
96,66
95,37
88,66
19,113
122,2
10,34
95,101
5,66
28,48
122,49
52,48
65,79
49,56
102,95
42,6
56,109
3,74
48,42
91,47
75,5
66,47
70,14
42,101
112,3
91,16
67,42
11,42
47,42
91,78
78,66
56,37
42,40
56,42
10,84
109,14
42,83
65,66
65,104
122,122
74,42
42,6
42,48
21,49
2,122
74,19
42,42
123,78
29,78
42,48
42,77
42,66
91,34
62,7
25,42
66,70
44,51
127,42
66,86
49,91
10,66
82,42
42,42
34,95
48,35
42,40
10,14
127,85
48,78
42,42
35,13
42,109
94,70
42,74
42,70
42,122
89,9
78,127
42,70
95,70
70,74
54,74
14,20
74,85
21,52
66,10
101,97
56,42
42,56
42,42
18,107
68,95
74,95
56,48
119,31
42,102
122,49
42,74
102,42
48,88
19,42
42,78
84,56
56,109
82,102
10,34
16,10
102,78
11,74
66,10
56,56
70,109
101,102
34,122
78,48
89,56
70,42
42,74
42,91
21,67
42,13
123,78
42,89
42,13
70,42
78,70
6,127
79,42
42,97
42,70
42,48
42,74
74,13
74,44
42,42
93,7
74,123
86,56
70,42
79,127
78,66
37,91
77,78
6,48
42,42
91,40
66,59
42,44
95,85
5,56
42,21
74,42
74,30
46,48
86,77
42,40
86,91
9,70
56,75
86,60
92,19
74,42
42,54
74,59
29,34
90,70
70,62
68,104
56,127
50,42
31,66
42,41
104,42
42,106
56,74
14,42
104,25
13,104
65,93
78,66
109,70
42,42
127,85
2,77
56,29
78,42
56,101
102,95
56,74
66,127
122,70
9,6
95,42
28,65
5,5
85,86
34,65
122,83
42,106
42,109
42,48
91,11
74,48
56,102
66,74
109,112
6,101
78,42
102,19
56,42
42,22
37,107
6,102
14,78
35,7
109,42
42,86
31,94
42,66
33,122
78,75
102,109
101,102
66,75
78,34
56,56
56,22
37,42
5,102
42,11
78,24
74,11
70,102
74,109
74,70
48,48
102,25
11,80
66,40
42,34
74,42
70,42
91,78
13,127
70,7
19,70
42,7
66,113
74,39
42,15
102,42
8,11
78,74
42,101
101,102
95,104
104,42
122,66
68,34
48,7
86,56
74,19
70,83
66,5
66,66
66,49
42,65
29,77
95,31
98,56
123,31
66,14
14,127
48,42
107,42
66,80
66,56
42,79
78,102
70,48
42,114
80,14
78,66
74,80
66,21
42,21
42,78
42,70
5,67
31,109
19,107
101,66
65,126
74,42
73,42
35,70
21,19
75,78
56,49
122,110
102,42
42,42
10,109
56,48
74,42
102,78
5,65
40,42
78,31
42,93
78,5
127,94
42,102
101,104
127,42
42,47
2,102
42,89
42,95
31,42
66,97
56,102
56,102
34,104
23,42
96,49
5,42
70,42
21,70
70,59
13,109
48,87
70,74
5,56
42,123
40,29
78,59
91,42
42,66
56,70
102,70
66,5
48,70
79,48
109,70
42,78
48,15
36,19
88,109
102,56
104,22
82,9
102,78
102,44
93,48
17,37
48,21
123,56
78,42
107,66
78,88
21,48
101,50
78,42
102,25
95,78
70,74
113,42
88,5
74,11
70,85
42,109
14,91
74,30
56,10
42,78
91,34
49,56
47,124
95,109
91,40
122,56
78,78
48,42
70,14
21,68
34,66
87,127
10,42
104,127
122,78
74,5
96,66
42,42
104,42
70,67
42,112
25,66
47,42
127,42
70,95
127,5
118,74
66,42
79,79
74,42
66,29
38,78
109,42
101,42
72,14
9,113
88,101
123,125
74,123
70,78
42,82
34,35
23,102
42,127
32,54
78,116
83,42
42,41
65,68
78,96
40,74
56,101
125,101
83,74
42,86
74,35
40,65
74,102
70,78
102,6
53,74
50,42
78,56
42,64
65,42
14,19
42,31
104,65
28,117
10,102
11,19
56,5
123,21
34,6
42,21
36,21
48,102
45,66
101,42
122,44
122,122
78,109
119,42
77,56
42,101
59,42
42,123
50,25
6,104
74,49
93,42
42,40
25,122
42,66
93,93
6,42
95,82
30,62
34,78
42,42
127,8
86,9
42,86
42,66
102,48
19,70
42,56
65,25
66,5
56,88
21,42
10,42
49,74
56,66
34,48
122,19
42,66
42,104
65,56
102,85
102,86
56,95
10,104
66,56
19,56
70,66
6,114
10,89
101,48
66,114
114,42
42,90
66,10
102,56
66,19
40,34
49,21
101,112
102,66
49,109
21,42
14,56
102,74
19,56
74,34
127,127
56,102
42,14
109,125
34,21
56,77
56,78
66,11
96,11
78,80
42,42
42,91
42,74
101,106
21,118
5,15
66,30
56,0
104,42
9,37
56,123
42,42
86,42
102,11
77,74
5,89
48,18
42,88
48,116
101,74
78,9
10,70
102,109
36,11
7,91
42,94
78,56
71,74
50,70
56,35
38,113
96,117
10,42
89,42
82,28
109,86
102,78
102,122
74,42
95,70
95,47
11,48
102,70
56,79
49,109
66,37
31,66
87,42
42,102
70,74
57,42
78,66
78,114
66,109
42,48
114,70
101,42
123,70
70,66
78,89
19,85
85,77
48,42
85,74
83,102
104,102
91,44
86,85
56,50
48,47
109,28
86,50
47,101
113,70
42,42
48,102
93,89
42,109
26,32
25,125
123,74
34,56
127,66
57,10
102,74
48,42
22,40
74,38
28,34
22,94
19,35
74,122
86,70
6,102
56,49
21,102
66,86
96,123
21,42
11,21
91,66
66,14
49,74
102,11
60,93
34,42
14,95
74,70
6,19
42,91
42,102
70,109
70,38
89,38
65,47
13,127
42,119
74,48
102,48
42,123
78,42
120,78
6,66
11,95
102,127
49,101
48,28
42,127
101,19
113,70
74,49
3,42
42,42
86,49
78,74
70,45
102,42
30,40
42,42
42,95
56,34
9,70
6,10
42,42
54,42
70,35
74,123
11,42
19,102
14,102
21,6
49,102
42,11
74,42
78,42
74,80
19,52
70,66
48,56
101,86
90,82
42,119
14,10
102,56
42,42
104,91
56,101
102,42
42,47
56,22
104,74
42,11
82,123
42,5
97,48
35,105
42,95
93,6
123,42
42,86
42,74
42,43
86,56
42,47
56,90
70,125
42,126
80,46
56,66
104,28
86,70
66,34
73,71
109,67
42,19
102,21
48,78
61,42
42,31
74,70
40,5
56,42
66,101
42,10
48,74
127,66
95,48
77,104
42,42
104,42
48,48
40,97
7,101
13,42
102,56
65,66
70,66
13,96
122,56
102,78
14,101
102,78
70,42
11,70
42,77
65,14
47,49
93,42
42,74
20,102
85,48
70,42
48,22
49,42
119,5
31,86
38,42
28,66
85,21
19,85
42,123
48,82
42,74
104,102
49,56
83,78
95,78
56,123
66,42
56,5
94,104
127,86
48,70
92,65
56,56
127,78
10,11
123,34
11,30
113,42
103,70
86,109
65,95
78,102
14,40
79,123
14,42
48,40
42,96
102,38
96,27
42,42
104,89
66,42
66,49
38,74
14,78
14,64
42,74
66,18
46,122
21,42
82,14
86,102
122,88
22,42
42,94
75,42
66,42
118,78
14,122
78,40
48,42
38,114
101,122
89,42
90,19
42,85
42,56
42,102
5,14
42,101
70,42
35,13
42,122
48,119
95,104
34,48
9,35
111,95
38,47
47,42
70,16
14,6
74,118
42,46
102,42
6,5
123,25
42,66
70,66
38,95
123,47
5,101
84,56
56,42
8,56
78,102
70,84
56,35
47,19
78,19
70,78
56,121
65,104
10,88
107,102
66,42
34,42
48,42
42,109
21,14
102,74
66,42
8,42
122,66
48,22
6,66
102,66
127,42
22,42
122,122
42,66
111,66
78,29
14,114
55,102
7,122
6,21
109,11
42,104
56,102
78,42
5,84
49,34
11,74
125,42
80,109
102,56
56,48
66,3
80,74
42,5
42,42
70,48
123,74
82,14
66,42
42,66
42,101
42,122
28,14
42,42
56,42
56,78
42,127
11,48
66,66
113,48
50,112
10,42
123,42
80,21
74,29
102,102
42,66
42,95
86,74
42,95
49,56
49,66
14,42
42,34
74,81
42,21
42,48
80,78
70,42
66,127
23,11
71,102
40,65
11,65
42,10
56,42
48,27
78,74
42,49
10,42
116,104
74,66
56,40
84,74
59,5
78,11
70,37
109,56
122,95
91,11
48,19
42,85
91,66
119,21
48,56
102,86
18,79
10,47
14,70
70,42
70,127
19,78
102,56
20,74
40,66
35,19
96,38
102,49
13,34
47,8
56,42
47,42
122,70
9,78
74,42
85,42
40,48
50,22
35,112
79,85
19,5
19,19
14,122
91,42
48,93
22,77
70,48
66,56
42,48
102,79
56,9
104,125
82,42
109,68
42,70
19,21
78,123
74,42
56,40
47,70
67,74
102,65
56,90
102,122
48,42
56,35
85,49
95,42
65,56
10,78
56,122
49,20
84,42
34,74
74,78
37,42
107,66
42,21
65,70
102,70
85,89
66,47
28,70
112,42
42,48
109,42
34,40
34,102
21,14
42,122
5,70
30,78
19,48
42,74
42,127
113,78
47,56
42,42
42,14
42,68
102,102
42,14
125,127
14,48
56,74
86,103
55,56
11,119
70,91
79,75
42,123
86,78
48,123
85,47
19,42
125,102
56,42
40,91
102,42
123,86
99,56
102,10
41,42
70,6
5,114
70,65
68,49
42,29
42,47
95,65
66,50
56,47
42,70
95,45
49,42
125,19
74,42
42,74
42,112
123,42
2,19
70,31
49,101
67,102
14,11
102,101
56,101
56,14
74,48
40,42
42,42
47,79
72,74
123,42
112,109
34,48
30,95
6,42
119,59
30,42
89,21
78,91
56,42
40,42
66,70
101,42
66,42
122,5
66,103
125,68
56,44
90,104
91,6
70,42
66,92
56,78
42,6
91,74
66,22
114,56
122,95
78,42
86,22
123,34
86,40
104,89
91,42
5,21
19,42
35,104
109,42
78,5
42,78
109,122
22,70
34,78
88,21
56,48
89,75
78,119
74,102
122,70
21,81
96,56
104,86
123,78
14,102
54,49
14,78
6,91
48,93
109,42
85,21
56,80
29,46
102,65
74,10
102,47
101,95
42,48
49,109
6,25
68,66
48,86
65,42
72,31
6,89
66,113
83,66
66,109
42,48
66,33
78,42
40,40
85,42
95,10
66,74
35,42
102,28
34,109
78,92
6,42
42,21
104,75
42,70
40,81
66,31
70,21
6,78
14,28
48,42
94,5
56,114
42,31
47,13
42,88
19,42
119,86
119,74
66,35
56,74
66,21
42,39
42,78
35,123
78,102
89,6
6,122
127,101
48,127
66,56
89,26
42,56
42,96
114,102
78,114
95,56
66,10
19,91
68,70
78,102
109,11
19,47
56,104
48,90
96,6
18,56
74,9
74,91
43,95
102,22
42,66
40,42
102,7
56,48
42,127
85,67
42,77
102,89
114,42
42,102
74,48
104,30
42,66
65,116
83,42
30,5
65,78
123,77
78,47
48,3
5,60
42,42
114,62
104,79
78,59
127,78
122,110
104,34
42,79
112,48
48,21
48,127
75,42
10,78
91,79
73,42
48,124
42,47
56,78
41,37
48,28
56,14
42,102
74,123
74,102
66,127
6,19
127,11
55,42
50,89
70,14
104,86
42,102
47,40
42,75
70,91
47,38
42,70
42,56
42,74
56,34
48,40
102,56
66,42
42,89
102,127
123,42
42,10
127,42
102,48
19,102
95,47
125,56
42,34
65,48
21,102
70,21
49,95
19,95
42,25
10,25
11,42
34,104
42,14
113,85
86,35
42,42
48,42
122,42
52,48
78,48
70,48
56,42
102,6
42,11
74,42
74,86
101,56
86,14
77,56
127,109
47,78
78,56
74,70
68,74
102,101
48,97
42,42
47,101
90,34
70,42
40,86
61,42
78,70
86,102
78,28
42,42
100,122
40,42
50,95
70,74
70,70
95,103
95,85
48,19
42,66
40,74
95,56
89,70
78,127
11,102
70,66
56,18
48,123
11,42
42,102
80,70
56,42
64,104
65,19
127,42
74,6
102,95
77,66
70,66
14,85
66,78
66,18
42,102
54,48
42,78
14,122
74,66
21,102
78,74
104,86
102,48
48,102
42,42
84,56
21,48
49,107
31,70
78,70
104,48
114,47
105,104
70,42
104,119
74,42
25,48
11,40
102,42
48,5
25,79
42,47
42,70
23,48
56,79
104,74
66,70
6,28
34,66
102,32
42,48
123,42
102,122
104,78
19,56
86,29
102,42
78,42
72,65
21,112
70,31
74,11
42,82
38,83
42,78
40,56
42,56
56,109
56,48
78,70
70,48
42,70
123,74
89,86
42,7
42,70
110,80
82,78
42,42
65,78
101,74
81,70
67,15
74,65
66,42
14,74
106,80
48,78
91,56
42,75
66,21
96,21
93,80
65,70
42,127
78,74
42,70
41,42
50,42
65,70
48,113
48,81
15,86
48,70
49,114
82,40
95,70
49,5
86,119
19,10
102,78
5,42
48,88
66,3
42,82
66,66
95,42
34,78
42,104
47,56
70,11
119,14
56,7
101,78
42,45
70,119
101,109
78,78
6,42
29,95
113,78
89,49
123,60
70,74
66,10
56,98
102,42
56,123
42,42
42,11
42,109
56,77
42,49
56,102
95,97
74,42
79,49
79,6
70,78
10,40
47,93
42,42
22,102
11,43
59,58
67,95
106,102
42,47
102,10
65,78
42,56
42,66
66,54
101,123
89,78
102,42
91,95
56,42
13,50
42,37
6,56
74,67
42,56
34,95
25,49
70,19
88,70
48,22
48,42
42,5
10,42
33,95
40,49
42,35
14,60
56,91
19,14
49,56
42,70
48,42
101,56
11,66
56,34
42,118
122,42
40,78
123,102
42,66
88,102
70,70
102,88
101,49
77,44
42,102
78,42
109,91
29,42
19,78
48,42
123,101
19,21
93,48
78,93
21,114
35,88
48,127
42,74
56,101
42,74
47,87
42,36
14,42
48,42
127,18
77,70
86,74
122,95
104,123
102,66
48,79
87,42
66,48
6,96
74,65
6,78
19,95
40,96
21,47
80,42
10,70
66,42
34,101
101,49
7,10
42,42
119,42
104,95
113,65
42,70
89,5
66,55
86,42
78,56
77,66
42,13
23,42
91,66
66,42
42,102
5,34
89,56
42,14
74,6
91,74
35,91
42,28
19,25
107,19
6,95
102,101
106,75
66,25
22,42
9,74
101,42
34,11
40,66
5,60
28,102
86,114
56,112
122,49
78,122
50,22
56,48
21,34
6,102
48,66
42,78
122,56
87,93
91,42
28,25
78,95
11,122
56,78
109,42
42,47
116,42
48,70
40,78
48,67
19,42
78,106
80,66
40,42
19,66
14,42
102,77
42,74
82,70
125,31
42,114
42,123
34,19
42,80
55,122
56,42
65,56
70,56
123,86
89,70
34,65
109,48
122,102
31,48
42,42
66,19
10,22
74,107
21,127
78,42
10,82
47,102
40,101
42,42
49,42
42,6
95,66
49,42
6,48
74,11
48,48
116,25
42,11
2,59
42,42
42,21
48,95
47,42
104,119
78,66
102,10
14,68
42,42
39,42
70,49
70,74
70,42
101,42
14,86
48,56
75,74
4,42
28,90
95,42
65,5
127,9
104,42
14,56
65,35
56,56
56,66
22,6
84,74
10,48
95,48
50,102
113,65
14,74
42,86
35,42
86,118
11,21
65,122
31,40
59,37
78,42
127,70
83,116
109,86
78,118
4,70
96,127
80,101
101,34
22,48
102,78
66,48
3,42
70,15
102,48
19,48
42,75
66,42
96,33
42,66
42,109
42,42
127,40
94,102
61,6
48,28
26,109
42,28
78,93
78,42
112,66
78,91
42,9
30,22
47,21
102,112
19,19
56,66
6,95
20,46
34,42
66,119
47,21
66,70
74,93
109,102
38,89
66,48
56,16
42,78
80,10
47,91
48,123
42,21
11,61
